# relative_time, cycles_done, cur_item, corpus_count, pending_total, pending_favs, map_size, saved_crashes, saved_hangs, max_depth, execs_per_sec, total_execs, edges_found, total_crashes, servers_count
61, 0, 0, 782, 782, 166, 5.40%, 0, 0, 2, 566.56, 41913, 9212, 0, 0
66, 0, 0, 789, 789, 166, 5.40%, 0, 0, 2, 464.02, 44208, 9212, 0, 0
71, 0, 0, 798, 798, 166, 5.40%, 0, 0, 2, 490.91, 46719, 9221, 0, 0
76, 0, 0, 804, 804, 166, 5.41%, 0, 0, 2, 507.25, 49274, 9233, 0, 0
81, 0, 0, 818, 818, 166, 5.41%, 0, 0, 2, 632.46, 52676, 9238, 0, 0
86, 0, 0, 834, 834, 166, 5.42%, 0, 0, 2, 673.51, 56160, 9246, 0, 0
91, 0, 0, 847, 847, 166, 5.42%, 0, 0, 2, 662.10, 59475, 9257, 0, 0
96, 0, 0, 851, 851, 166, 5.43%, 0, 0, 2, 597.24, 62513, 9262, 0, 0
101, 0, 0, 857, 857, 166, 5.43%, 0, 0, 2, 590.30, 65571, 9268, 0, 0
106, 0, 0, 860, 859, 165, 5.43%, 0, 0, 2, 74.31, 68138, 9268, 0, 0
111, 0, 0, 1139, 1138, 165, 5.55%, 0, 0, 2, 573.97, 70899, 9478, 0, 0
116, 0, 2, 1201, 1200, 340, 5.59%, 0, 0, 2, 687.24, 74470, 9534, 0, 0
121, 0, 2, 1214, 1213, 340, 5.59%, 0, 0, 2, 678.32, 77949, 9547, 0, 0
126, 0, 2, 1231, 1230, 340, 5.60%, 0, 0, 2, 667.86, 81357, 9557, 0, 0
131, 0, 2, 1238, 1237, 340, 5.60%, 0, 0, 2, 644.92, 84665, 9559, 0, 0
137, 0, 2, 1245, 1244, 340, 5.60%, 0, 0, 2, 658.29, 87981, 9562, 0, 0
142, 0, 2, 1247, 1246, 340, 5.60%, 0, 0, 2, 695.69, 91544, 9562, 0, 0
147, 0, 2, 1251, 1250, 340, 5.60%, 0, 0, 2, 651.11, 94744, 9562, 0, 0
152, 0, 2, 1257, 1256, 340, 5.60%, 0, 0, 2, 694.85, 98413, 9567, 0, 0
157, 0, 2, 1258, 1257, 340, 5.61%, 0, 0, 2, 629.66, 101617, 9568, 0, 0
162, 0, 2, 1259, 1258, 340, 5.61%, 0, 0, 2, 564.04, 104569, 9570, 0, 0
167, 0, 2, 1264, 1263, 340, 5.61%, 0, 0, 2, 688.90, 108173, 9571, 0, 0
172, 0, 2, 1270, 1269, 340, 5.61%, 0, 0, 2, 704.46, 111641, 9572, 0, 0
177, 0, 2, 1273, 1272, 340, 5.63%, 0, 0, 2, 729.19, 115386, 9609, 0, 0
182, 0, 2, 1275, 1274, 340, 5.63%, 0, 0, 2, 629.38, 118536, 9609, 0, 0
187, 0, 2, 1277, 1276, 340, 5.63%, 0, 0, 2, 597.50, 121525, 9609, 0, 0
192, 0, 2, 1282, 1281, 340, 5.63%, 0, 0, 2, 653.70, 124909, 9612, 0, 0
197, 0, 2, 1282, 1281, 340, 5.63%, 0, 0, 2, 661.33, 128280, 9612, 0, 0
203, 0, 5, 1322, 1320, 384, 5.66%, 0, 0, 2, 615.85, 131447, 9661, 0, 0
208, 0, 5, 1324, 1322, 384, 5.66%, 0, 0, 2, 582.08, 134424, 9662, 0, 0
213, 0, 5, 1345, 1343, 384, 5.68%, 0, 0, 2, 599.10, 137531, 9693, 0, 0
218, 0, 5, 1350, 1348, 384, 5.68%, 0, 0, 2, 561.75, 140264, 9693, 0, 0
223, 0, 5, 1364, 1362, 384, 5.69%, 0, 0, 2, 499.94, 142760, 9712, 0, 0
228, 0, 5, 1370, 1368, 384, 5.69%, 0, 0, 2, 550.34, 145530, 9713, 0, 0
233, 0, 5, 1373, 1371, 384, 5.69%, 0, 0, 2, 602.53, 148587, 9715, 0, 0
238, 0, 5, 1380, 1378, 384, 5.69%, 0, 0, 2, 619.24, 151734, 9720, 0, 0
243, 0, 5, 1388, 1386, 384, 5.69%, 0, 0, 2, 629.58, 154922, 9721, 0, 0
248, 0, 5, 1392, 1390, 384, 5.70%, 0, 0, 2, 633.61, 158118, 9722, 0, 0
253, 0, 5, 1399, 1397, 384, 5.70%, 0, 0, 2, 547.59, 160924, 9723, 0, 0
258, 0, 5, 1404, 1402, 384, 5.70%, 0, 0, 2, 505.38, 163366, 9724, 0, 0
263, 0, 5, 1406, 1404, 384, 5.70%, 0, 0, 2, 510.90, 166010, 9724, 0, 0
268, 0, 5, 1408, 1406, 384, 5.70%, 0, 0, 2, 563.92, 168852, 9724, 0, 0
274, 0, 5, 1414, 1412, 384, 5.70%, 0, 0, 2, 597.26, 171988, 9725, 0, 0
279, 0, 5, 1415, 1413, 384, 5.70%, 0, 0, 2, 522.87, 174563, 9725, 0, 0
284, 0, 5, 1416, 1414, 384, 5.70%, 0, 0, 2, 567.47, 177675, 9725, 0, 0
289, 0, 5, 1419, 1417, 384, 5.70%, 0, 0, 2, 562.89, 180633, 9725, 0, 0
294, 0, 5, 1421, 1419, 384, 5.70%, 0, 0, 2, 560.27, 183331, 9725, 0, 0
299, 0, 5, 1422, 1420, 384, 5.70%, 0, 0, 2, 660.48, 186898, 9726, 0, 0
304, 0, 5, 1424, 1422, 384, 5.70%, 0, 0, 2, 647.67, 190166, 9726, 0, 0
309, 0, 8, 1458, 1455, 423, 5.73%, 0, 0, 2, 664.78, 193442, 9776, 0, 0
314, 0, 8, 1461, 1458, 423, 5.73%, 0, 0, 2, 651.38, 196694, 9778, 0, 0
319, 0, 8, 1476, 1473, 423, 5.73%, 0, 0, 2, 741.91, 200614, 9787, 0, 0
325, 0, 8, 1493, 1490, 423, 5.73%, 0, 0, 2, 686.39, 204081, 9788, 0, 0
330, 0, 8, 1497, 1494, 423, 5.73%, 0, 0, 2, 646.40, 207247, 9789, 0, 0
335, 0, 8, 1498, 1495, 423, 5.73%, 0, 0, 2, 710.51, 210820, 9789, 0, 0
340, 0, 8, 1504, 1501, 423, 5.74%, 0, 0, 2, 760.30, 214712, 9791, 0, 0
345, 0, 8, 1508, 1505, 423, 5.74%, 0, 0, 2, 751.23, 218464, 9793, 0, 0
350, 0, 8, 1515, 1512, 423, 5.74%, 0, 0, 2, 774.72, 222391, 9795, 0, 0
355, 0, 8, 1521, 1518, 423, 5.74%, 0, 0, 2, 718.50, 225989, 9795, 0, 0
360, 0, 8, 1524, 1521, 423, 5.74%, 0, 0, 2, 775.14, 229954, 9795, 0, 0
365, 0, 8, 1527, 1524, 423, 5.74%, 0, 0, 2, 766.90, 233800, 9796, 0, 0
370, 0, 8, 1530, 1527, 423, 5.74%, 0, 0, 2, 703.71, 237336, 9796, 0, 0
375, 0, 8, 1533, 1530, 423, 5.74%, 0, 0, 2, 690.54, 240800, 9797, 0, 0
380, 0, 8, 1535, 1532, 423, 5.74%, 0, 0, 2, 701.50, 244357, 9797, 0, 0
385, 0, 8, 1537, 1534, 423, 5.74%, 0, 0, 2, 725.60, 247997, 9799, 0, 0
390, 0, 9, 1537, 1533, 455, 5.74%, 0, 0, 2, 77.32, 248671, 9799, 0, 0
395, 0, 9, 1537, 1533, 455, 5.74%, 0, 0, 2, 81.41, 249072, 9799, 0, 0
401, 0, 9, 1544, 1540, 455, 5.74%, 0, 0, 2, 77.26, 249437, 9799, 0, 0
406, 0, 9, 1586, 1582, 455, 5.75%, 0, 0, 2, 118.80, 250100, 9812, 0, 0
411, 0, 9, 1597, 1593, 455, 5.75%, 0, 0, 2, 90.74, 250557, 9812, 0, 0
416, 0, 9, 1600, 1596, 455, 5.75%, 0, 0, 2, 78.79, 250935, 9812, 0, 0
421, 0, 9, 1608, 1604, 455, 5.75%, 0, 0, 2, 67.75, 251264, 9812, 0, 0
426, 0, 9, 1609, 1605, 455, 5.75%, 0, 0, 2, 60.63, 251571, 9812, 0, 0
431, 0, 9, 1610, 1606, 455, 5.75%, 0, 0, 2, 53.94, 251834, 9818, 0, 0
436, 0, 9, 1618, 1614, 455, 5.75%, 0, 0, 2, 60.91, 252134, 9821, 0, 0
441, 0, 9, 1620, 1616, 455, 5.75%, 0, 0, 2, 66.55, 252451, 9821, 0, 0
447, 0, 9, 1623, 1619, 455, 5.76%, 0, 0, 2, 75.97, 252860, 9829, 0, 0
452, 0, 9, 1626, 1622, 455, 5.76%, 0, 0, 2, 77.54, 253264, 9834, 0, 0
457, 0, 9, 1627, 1623, 455, 5.76%, 0, 0, 2, 90.28, 253731, 9836, 0, 0
462, 0, 9, 1628, 1624, 455, 5.76%, 0, 0, 2, 89.80, 254164, 9836, 0, 0
467, 0, 9, 1629, 1625, 455, 5.76%, 0, 0, 2, 87.36, 254602, 9836, 0, 0
472, 0, 9, 1633, 1629, 455, 5.77%, 0, 0, 2, 80.38, 254999, 9846, 0, 0
477, 0, 9, 1635, 1631, 455, 5.77%, 0, 0, 2, 81.57, 255405, 9848, 0, 0
483, 0, 9, 1636, 1632, 455, 5.77%, 0, 0, 2, 77.24, 255806, 9849, 0, 0
488, 0, 9, 1636, 1632, 455, 5.77%, 0, 0, 2, 81.29, 256221, 9849, 0, 0
493, 0, 9, 1638, 1634, 455, 5.77%, 0, 0, 2, 86.70, 256674, 9851, 0, 0
498, 0, 9, 1639, 1635, 455, 5.77%, 0, 0, 2, 83.45, 257094, 9851, 0, 0
503, 0, 9, 1641, 1637, 455, 5.77%, 0, 0, 2, 76.74, 257457, 9853, 0, 0
508, 0, 9, 1641, 1637, 455, 5.77%, 0, 0, 2, 74.42, 257843, 9853, 0, 0
513, 0, 9, 1641, 1637, 455, 5.77%, 0, 0, 2, 85.23, 258280, 9853, 0, 0
518, 0, 9, 1642, 1638, 455, 5.77%, 0, 0, 2, 74.18, 258628, 9854, 0, 0
524, 0, 9, 1642, 1638, 455, 5.77%, 0, 0, 2, 68.36, 258981, 9854, 0, 0
529, 0, 9, 1642, 1638, 455, 5.77%, 0, 0, 2, 68.94, 259344, 9854, 0, 0
534, 0, 9, 1643, 1639, 455, 5.77%, 0, 0, 2, 84.65, 259779, 9855, 0, 0
539, 0, 9, 1647, 1643, 455, 5.78%, 0, 0, 2, 77.02, 260151, 9861, 0, 0
544, 0, 9, 1648, 1644, 455, 5.78%, 0, 0, 2, 80.33, 260565, 9861, 0, 0
549, 0, 9, 1651, 1647, 455, 5.78%, 0, 0, 2, 75.80, 260935, 9872, 0, 0
554, 0, 9, 1652, 1648, 455, 5.78%, 0, 0, 2, 73.79, 261297, 9873, 0, 0
559, 0, 9, 1652, 1648, 455, 5.78%, 0, 0, 2, 64.81, 261610, 9873, 0, 0
564, 0, 9, 1654, 1650, 455, 5.79%, 0, 0, 2, 69.96, 261952, 9878, 0, 0
569, 0, 9, 1654, 1650, 455, 5.79%, 0, 0, 2, 74.79, 262338, 9878, 0, 0
574, 0, 9, 1654, 1650, 455, 5.79%, 0, 0, 2, 59.65, 262636, 9878, 0, 0
579, 0, 9, 1654, 1650, 455, 5.79%, 0, 0, 2, 66.67, 262951, 9878, 0, 0
585, 0, 9, 1654, 1650, 455, 5.79%, 0, 0, 2, 62.10, 263290, 9878, 0, 0
590, 0, 9, 1656, 1652, 455, 5.79%, 0, 0, 2, 65.37, 263637, 9884, 0, 0
595, 0, 9, 1656, 1652, 455, 5.79%, 0, 0, 2, 73.19, 264023, 9884, 0, 0
600, 0, 9, 1656, 1652, 455, 5.79%, 0, 0, 2, 75.86, 264405, 9884, 0, 0
605, 0, 9, 1656, 1652, 455, 5.79%, 0, 0, 2, 73.28, 264771, 9884, 0, 0
610, 0, 9, 1656, 1652, 455, 5.79%, 0, 0, 2, 76.10, 265159, 9884, 0, 0
615, 0, 9, 1656, 1652, 455, 5.79%, 0, 0, 2, 67.10, 265502, 9884, 0, 0
620, 0, 9, 1657, 1653, 455, 5.79%, 0, 0, 2, 65.42, 265812, 9886, 0, 0
625, 0, 9, 1657, 1653, 455, 5.79%, 0, 0, 2, 58.10, 266100, 9886, 0, 0
630, 0, 9, 1657, 1653, 455, 5.79%, 0, 0, 2, 60.49, 266388, 9886, 0, 0
636, 0, 9, 1657, 1653, 455, 5.79%, 0, 0, 2, 71.64, 266774, 9886, 0, 0
641, 0, 9, 1657, 1653, 455, 5.79%, 0, 0, 2, 77.89, 267195, 9886, 0, 0
646, 0, 9, 1657, 1653, 455, 5.79%, 0, 0, 2, 81.03, 267612, 9886, 0, 0
651, 0, 9, 1657, 1653, 455, 5.79%, 0, 0, 2, 73.20, 267986, 9886, 0, 0
656, 0, 9, 1658, 1654, 455, 5.79%, 0, 0, 2, 70.80, 268341, 9887, 0, 0
661, 0, 9, 1660, 1656, 455, 5.79%, 0, 0, 2, 78.63, 268739, 9890, 0, 0
666, 0, 9, 1663, 1659, 455, 5.79%, 0, 0, 2, 85.51, 269190, 9891, 0, 0
672, 0, 9, 1663, 1659, 455, 5.79%, 0, 0, 2, 78.26, 269591, 9891, 0, 0
677, 0, 9, 1665, 1661, 455, 5.80%, 0, 0, 2, 81.42, 270016, 9893, 0, 0
682, 0, 9, 1667, 1663, 455, 5.80%, 0, 0, 2, 84.38, 270433, 9897, 0, 0
687, 0, 9, 1667, 1663, 455, 5.80%, 0, 0, 2, 78.95, 270833, 9897, 0, 0
692, 0, 9, 1668, 1664, 455, 5.80%, 0, 0, 2, 76.14, 271228, 9897, 0, 0
697, 0, 9, 1669, 1665, 455, 5.80%, 0, 0, 2, 73.70, 271599, 9900, 0, 0
702, 0, 9, 1670, 1666, 455, 5.80%, 0, 0, 2, 76.21, 271994, 9902, 0, 0
707, 0, 9, 1671, 1667, 455, 5.80%, 0, 0, 2, 71.64, 272350, 9903, 0, 0
713, 0, 9, 1671, 1667, 455, 5.80%, 0, 0, 2, 73.37, 272743, 9903, 0, 0
718, 0, 9, 1677, 1673, 455, 5.80%, 0, 0, 2, 71.73, 273106, 9906, 0, 0
723, 0, 9, 1678, 1674, 455, 5.80%, 0, 0, 2, 74.47, 273472, 9907, 0, 0
728, 0, 9, 1678, 1674, 455, 5.80%, 0, 0, 2, 73.62, 273837, 9907, 0, 0
733, 0, 9, 1681, 1677, 455, 5.80%, 0, 0, 2, 63.12, 274127, 9907, 0, 0
738, 0, 9, 1682, 1678, 455, 5.80%, 0, 0, 2, 58.33, 274392, 9908, 0, 0
743, 0, 9, 1683, 1679, 455, 5.80%, 0, 0, 2, 69.99, 274764, 9908, 0, 0
748, 0, 9, 1684, 1680, 455, 5.80%, 0, 0, 2, 79.14, 275180, 9908, 0, 0
753, 0, 9, 1687, 1683, 455, 5.80%, 0, 0, 2, 70.07, 275524, 9908, 0, 0
758, 0, 9, 1687, 1683, 455, 5.80%, 0, 0, 2, 71.38, 275910, 9908, 0, 0
763, 0, 9, 1689, 1685, 455, 5.81%, 0, 0, 2, 71.68, 276276, 9909, 0, 0
768, 0, 9, 1689, 1685, 455, 5.81%, 0, 0, 2, 60.89, 276563, 9909, 0, 0
773, 0, 9, 1689, 1685, 455, 5.81%, 0, 0, 2, 64.81, 276900, 9909, 0, 0
779, 0, 9, 1690, 1686, 455, 5.81%, 0, 0, 2, 66.95, 277241, 9910, 0, 0
784, 0, 9, 1691, 1687, 455, 5.81%, 0, 0, 2, 71.09, 277601, 9911, 0, 0
789, 0, 9, 1691, 1687, 455, 5.81%, 0, 0, 2, 68.33, 277952, 9911, 0, 0
794, 0, 9, 1691, 1687, 455, 5.81%, 0, 0, 2, 71.01, 278308, 9911, 0, 0
799, 0, 9, 1692, 1688, 455, 5.81%, 0, 0, 2, 73.77, 278689, 9911, 0, 0
804, 0, 9, 1692, 1688, 455, 5.81%, 0, 0, 2, 73.72, 279059, 9911, 0, 0
809, 0, 9, 1692, 1688, 455, 5.81%, 0, 0, 2, 79.67, 279471, 9911, 0, 0
814, 0, 9, 1692, 1688, 455, 5.81%, 0, 0, 2, 78.11, 279867, 9911, 0, 0
820, 0, 9, 1692, 1688, 455, 5.81%, 0, 0, 2, 68.20, 280210, 9911, 0, 0
825, 0, 9, 1693, 1689, 455, 5.81%, 0, 0, 2, 75.77, 280596, 9911, 0, 0
830, 0, 9, 1693, 1689, 455, 5.81%, 0, 0, 2, 68.44, 280944, 9911, 0, 0
835, 0, 9, 1693, 1689, 455, 5.81%, 0, 0, 2, 71.36, 281320, 9911, 0, 0
840, 0, 9, 1693, 1689, 455, 5.81%, 0, 0, 2, 69.13, 281668, 9911, 0, 0
845, 0, 9, 1694, 1690, 455, 5.81%, 0, 0, 2, 70.67, 282022, 9912, 0, 0
850, 0, 9, 1694, 1690, 455, 5.81%, 0, 0, 2, 74.60, 282389, 9912, 0, 0
856, 0, 9, 1694, 1690, 455, 5.81%, 0, 0, 2, 75.89, 282770, 9912, 0, 0
861, 0, 9, 1695, 1691, 455, 5.81%, 0, 0, 2, 70.43, 283128, 9914, 0, 0
866, 0, 9, 1695, 1691, 455, 5.81%, 0, 0, 2, 70.95, 283495, 9914, 0, 0
871, 0, 9, 1696, 1692, 455, 5.81%, 0, 0, 2, 70.33, 283870, 9915, 0, 0
876, 0, 9, 1696, 1692, 455, 5.81%, 0, 0, 2, 68.87, 284220, 9915, 0, 0
881, 0, 9, 1696, 1692, 455, 5.81%, 0, 0, 2, 72.68, 284589, 9915, 0, 0
886, 0, 9, 1696, 1692, 455, 5.81%, 0, 0, 2, 76.31, 284971, 9915, 0, 0
891, 0, 9, 1696, 1692, 455, 5.81%, 0, 0, 2, 72.71, 285330, 9915, 0, 0
896, 0, 9, 1696, 1692, 455, 5.81%, 0, 0, 2, 72.69, 285698, 9915, 0, 0
901, 0, 9, 1697, 1693, 455, 5.81%, 0, 0, 2, 70.39, 286059, 9915, 0, 0
907, 0, 9, 1697, 1693, 455, 5.81%, 0, 0, 2, 71.43, 286447, 9915, 0, 0
912, 0, 9, 1697, 1693, 455, 5.81%, 0, 0, 2, 68.28, 286793, 9915, 0, 0
917, 0, 9, 1697, 1693, 455, 5.81%, 0, 0, 2, 72.13, 287171, 9915, 0, 0
922, 0, 9, 1697, 1693, 455, 5.81%, 0, 0, 2, 75.06, 287571, 9915, 0, 0
927, 0, 9, 1697, 1693, 455, 5.81%, 0, 0, 2, 76.88, 287960, 9915, 0, 0
932, 0, 9, 1697, 1693, 455, 5.81%, 0, 0, 2, 74.10, 288340, 9915, 0, 0
938, 0, 9, 1697, 1693, 455, 5.81%, 0, 0, 2, 71.19, 288721, 9915, 0, 0
943, 0, 9, 1697, 1693, 455, 5.81%, 0, 0, 2, 72.62, 289092, 9915, 0, 0
948, 0, 9, 1697, 1693, 455, 5.81%, 0, 0, 2, 71.14, 289461, 9915, 0, 0
953, 0, 9, 1698, 1694, 455, 5.81%, 0, 0, 2, 70.89, 289814, 9916, 0, 0
958, 0, 9, 1698, 1694, 455, 5.81%, 0, 0, 2, 70.17, 290176, 9916, 0, 0
963, 0, 9, 1698, 1694, 455, 5.81%, 0, 0, 2, 70.02, 290537, 9916, 0, 0
968, 0, 9, 1700, 1696, 455, 5.81%, 0, 0, 2, 60.37, 290845, 9918, 0, 0
974, 0, 9, 1700, 1696, 455, 5.81%, 0, 0, 2, 70.56, 291217, 9918, 0, 0
979, 0, 9, 1700, 1696, 455, 5.81%, 0, 0, 2, 67.24, 291565, 9918, 0, 0
984, 0, 9, 1700, 1696, 455, 5.81%, 0, 0, 2, 67.30, 291902, 9918, 0, 0
989, 0, 9, 1700, 1696, 455, 5.81%, 0, 0, 2, 71.72, 292267, 9918, 0, 0
994, 0, 9, 1700, 1696, 455, 5.81%, 0, 0, 2, 71.11, 292632, 9918, 0, 0
999, 0, 9, 1700, 1696, 455, 5.81%, 0, 0, 2, 68.73, 292979, 9918, 0, 0
1004, 0, 9, 1701, 1697, 455, 5.81%, 0, 0, 2, 57.83, 293278, 9918, 0, 0
1009, 0, 9, 1701, 1697, 455, 5.81%, 0, 0, 2, 54.98, 293538, 9918, 0, 0
1014, 0, 9, 1702, 1698, 455, 5.81%, 0, 0, 2, 56.72, 293831, 9919, 0, 0
1019, 0, 9, 1702, 1698, 455, 5.81%, 0, 0, 2, 59.18, 294142, 9919, 0, 0
1024, 0, 9, 1702, 1698, 455, 5.81%, 0, 0, 2, 66.03, 294502, 9919, 0, 0
1030, 0, 9, 1703, 1699, 455, 5.81%, 0, 0, 2, 58.29, 294820, 9920, 0, 0
1035, 0, 9, 1705, 1701, 455, 5.81%, 0, 0, 2, 72.36, 295191, 9921, 0, 0
1040, 0, 9, 1710, 1706, 455, 5.81%, 0, 0, 2, 91.53, 295659, 9925, 0, 0
1045, 0, 9, 1711, 1707, 455, 5.81%, 0, 0, 2, 77.12, 296052, 9926, 0, 0
1050, 0, 9, 1713, 1709, 455, 5.82%, 0, 0, 2, 55.82, 296322, 9928, 0, 0
1055, 0, 9, 1713, 1709, 455, 5.82%, 0, 0, 2, 50.03, 296567, 9928, 0, 0
1060, 0, 9, 1713, 1709, 455, 5.82%, 0, 0, 2, 47.57, 296812, 9928, 0, 0
1065, 0, 9, 1713, 1709, 455, 5.82%, 0, 0, 2, 55.77, 297125, 9928, 0, 0
1070, 0, 9, 1713, 1709, 455, 5.82%, 0, 0, 2, 53.69, 297389, 9928, 0, 0
1076, 0, 9, 1713, 1709, 455, 5.82%, 0, 0, 2, 47.00, 297615, 9928, 0, 0
1081, 0, 9, 1713, 1709, 455, 5.82%, 0, 0, 2, 52.91, 297891, 9928, 0, 0
1086, 0, 9, 1713, 1709, 455, 5.82%, 0, 0, 2, 47.93, 298134, 9928, 0, 0
1091, 0, 9, 1713, 1709, 455, 5.82%, 0, 0, 2, 66.61, 298470, 9928, 0, 0
1096, 0, 9, 1713, 1709, 455, 5.82%, 0, 0, 2, 67.28, 298797, 9928, 0, 0
1101, 0, 9, 1713, 1709, 455, 5.82%, 0, 0, 2, 67.57, 299135, 9928, 0, 0
1106, 0, 9, 1714, 1710, 455, 5.82%, 0, 0, 2, 66.80, 299459, 9928, 0, 0
1111, 0, 9, 1714, 1710, 455, 5.82%, 0, 0, 2, 80.35, 299872, 9928, 0, 0
1117, 0, 9, 1715, 1711, 455, 5.82%, 0, 0, 2, 61.00, 300175, 9929, 0, 0
1122, 0, 9, 1715, 1711, 455, 5.82%, 0, 0, 2, 52.52, 300434, 9929, 0, 0
1127, 0, 9, 1716, 1712, 455, 5.82%, 0, 0, 2, 64.37, 300762, 9930, 0, 0
1132, 0, 9, 1717, 1713, 455, 5.82%, 0, 0, 2, 112.50, 301303, 9931, 0, 0
1137, 0, 9, 1718, 1714, 455, 5.82%, 0, 0, 2, 96.98, 301789, 9932, 0, 0
1142, 0, 9, 1718, 1714, 455, 5.82%, 0, 0, 2, 87.40, 302232, 9932, 0, 0
1147, 0, 9, 1718, 1714, 455, 5.82%, 0, 0, 2, 105.06, 302774, 9932, 0, 0
1152, 0, 9, 1718, 1714, 455, 5.82%, 0, 0, 2, 106.50, 303286, 9932, 0, 0
1157, 0, 9, 1718, 1714, 455, 5.82%, 0, 0, 2, 384.19, 303751, 9932, 0, 0
1163, 0, 9, 1718, 1714, 455, 5.82%, 0, 0, 2, 168.89, 304386, 9932, 0, 0
1168, 0, 9, 1718, 1714, 455, 5.82%, 0, 0, 2, 107.64, 304844, 9932, 0, 0
1173, 0, 9, 1718, 1714, 455, 5.82%, 0, 0, 2, 94.94, 305310, 9932, 0, 0
1178, 0, 9, 1718, 1714, 455, 5.82%, 0, 0, 2, 84.65, 305732, 9932, 0, 0
1183, 0, 9, 1718, 1714, 455, 5.82%, 0, 0, 2, 78.35, 306143, 9932, 0, 0
1188, 0, 9, 1718, 1714, 455, 5.82%, 0, 0, 2, 89.65, 306691, 9932, 0, 0
1193, 0, 9, 1718, 1714, 455, 5.82%, 0, 0, 2, 93.17, 307241, 9932, 0, 0
1198, 0, 9, 1718, 1714, 455, 5.82%, 0, 0, 2, 57.99, 307469, 9932, 0, 0
1204, 0, 9, 1724, 1720, 455, 5.82%, 0, 0, 2, 67.02, 307809, 9932, 0, 0
1209, 0, 9, 1738, 1734, 455, 5.82%, 0, 0, 2, 84.26, 308264, 9934, 0, 0
1214, 0, 9, 1747, 1743, 455, 5.82%, 0, 0, 2, 87.33, 308695, 9935, 0, 0
1219, 0, 9, 1759, 1755, 455, 5.82%, 0, 0, 2, 99.98, 309196, 9939, 0, 0
1224, 0, 9, 1763, 1759, 455, 5.82%, 0, 0, 2, 91.10, 309677, 9941, 0, 0
1229, 0, 9, 1770, 1766, 455, 5.82%, 0, 0, 2, 98.25, 310167, 9942, 0, 0
1234, 0, 9, 1781, 1777, 455, 5.82%, 0, 0, 2, 95.09, 310667, 9943, 0, 0
1239, 0, 9, 1786, 1782, 455, 5.82%, 0, 0, 2, 99.30, 311167, 9943, 0, 0
1244, 0, 9, 1790, 1786, 455, 5.82%, 0, 0, 2, 94.17, 311664, 9943, 0, 0
1249, 0, 9, 1794, 1790, 455, 5.83%, 0, 0, 2, 100.67, 312172, 9945, 0, 0
1254, 0, 9, 1799, 1795, 455, 5.83%, 0, 0, 2, 99.01, 312659, 9946, 0, 0
1260, 0, 9, 1802, 1798, 455, 5.83%, 0, 0, 2, 98.36, 313168, 9946, 0, 0
1265, 0, 9, 1805, 1801, 455, 5.83%, 0, 0, 2, 97.61, 313666, 9950, 0, 0
1270, 0, 9, 1808, 1804, 455, 5.83%, 0, 0, 2, 97.19, 314196, 9950, 0, 0
1275, 0, 9, 1811, 1807, 455, 5.83%, 0, 0, 2, 105.58, 314723, 9951, 0, 0
1280, 0, 9, 1814, 1810, 455, 5.83%, 0, 0, 2, 95.67, 315179, 9952, 0, 0
1285, 0, 9, 1818, 1814, 455, 5.83%, 0, 0, 2, 83.46, 315584, 9953, 0, 0
1290, 0, 9, 1824, 1820, 455, 5.83%, 0, 0, 2, 98.94, 316093, 9955, 0, 0
1295, 0, 9, 1827, 1823, 455, 5.83%, 0, 0, 2, 90.49, 316551, 9955, 0, 0
1301, 0, 9, 1833, 1829, 455, 5.83%, 0, 0, 2, 97.25, 317051, 9959, 0, 0
1306, 0, 9, 1835, 1831, 455, 5.84%, 0, 0, 2, 97.92, 317526, 9971, 0, 0
1311, 0, 9, 1836, 1832, 455, 5.84%, 0, 0, 2, 105.23, 318065, 9971, 0, 0
1316, 0, 9, 1837, 1833, 455, 5.84%, 0, 0, 2, 92.95, 318538, 9971, 0, 0
1321, 0, 9, 1840, 1836, 455, 5.84%, 0, 0, 2, 92.33, 319011, 9971, 0, 0
1326, 0, 9, 1843, 1839, 455, 5.84%, 0, 0, 2, 95.52, 319510, 9972, 0, 0
1331, 0, 9, 1844, 1840, 455, 5.84%, 0, 0, 2, 79.17, 319940, 9972, 0, 0
1336, 0, 9, 1846, 1842, 455, 5.84%, 0, 0, 2, 97.07, 320462, 9972, 0, 0
1341, 0, 9, 1846, 1842, 455, 5.84%, 0, 0, 2, 92.05, 320922, 9972, 0, 0
1347, 0, 9, 1847, 1843, 455, 5.84%, 0, 0, 2, 97.11, 321420, 9972, 0, 0
1352, 0, 9, 1848, 1844, 455, 5.84%, 0, 0, 2, 96.34, 321909, 9972, 0, 0
1357, 0, 9, 1850, 1846, 455, 5.84%, 0, 0, 2, 98.34, 322405, 9972, 0, 0
1362, 0, 9, 1853, 1849, 455, 5.84%, 0, 0, 2, 91.78, 322884, 9972, 0, 0
1367, 0, 9, 1856, 1852, 455, 5.85%, 0, 0, 2, 94.21, 323362, 9981, 0, 0
1372, 0, 9, 1858, 1854, 455, 5.85%, 0, 0, 2, 97.18, 323885, 9981, 0, 0
1377, 0, 9, 1860, 1856, 455, 5.85%, 0, 0, 2, 104.56, 324403, 9981, 0, 0
1382, 0, 9, 1862, 1858, 455, 5.85%, 0, 0, 2, 100.69, 324918, 9981, 0, 0
1387, 0, 9, 1864, 1860, 455, 5.85%, 0, 0, 2, 98.12, 325401, 9982, 0, 0
1393, 0, 9, 1865, 1861, 455, 5.85%, 0, 0, 2, 97.98, 325921, 9982, 0, 0
1398, 0, 9, 1866, 1862, 455, 5.85%, 0, 0, 2, 105.99, 326451, 9982, 0, 0
1403, 0, 9, 1867, 1863, 455, 5.85%, 0, 0, 2, 99.34, 326960, 9982, 0, 0
1408, 0, 9, 1868, 1864, 455, 5.85%, 0, 0, 2, 100.21, 327485, 9982, 0, 0
1413, 0, 9, 1869, 1865, 455, 5.85%, 0, 0, 2, 97.45, 327953, 9982, 0, 0
1418, 0, 9, 1870, 1866, 455, 5.85%, 0, 0, 2, 106.52, 328512, 9982, 0, 0
1423, 0, 9, 1872, 1868, 455, 5.85%, 0, 0, 2, 103.44, 329038, 9982, 0, 0
1428, 0, 9, 1875, 1871, 455, 5.85%, 0, 0, 2, 99.77, 329545, 9983, 0, 0
1433, 0, 9, 1880, 1876, 455, 5.85%, 0, 0, 2, 95.17, 330039, 9984, 0, 0
1438, 0, 9, 1882, 1878, 455, 5.85%, 0, 0, 2, 102.11, 330568, 9984, 0, 0
1444, 0, 9, 1884, 1880, 455, 5.85%, 0, 0, 2, 112.84, 331166, 9985, 0, 0
1449, 0, 9, 1888, 1884, 455, 5.85%, 0, 0, 2, 103.25, 331682, 9985, 0, 0
1454, 0, 9, 1889, 1885, 455, 5.85%, 0, 0, 2, 95.44, 332161, 9985, 0, 0
1459, 0, 9, 1889, 1885, 455, 5.85%, 0, 0, 2, 115.26, 332749, 9985, 0, 0
1464, 0, 9, 1890, 1886, 455, 5.85%, 0, 0, 2, 105.00, 333254, 9987, 0, 0
1469, 0, 9, 1890, 1886, 455, 5.85%, 0, 0, 2, 109.77, 333826, 9987, 0, 0
1474, 0, 9, 1892, 1888, 455, 5.85%, 0, 0, 2, 105.62, 334362, 9988, 0, 0
1479, 0, 9, 1894, 1890, 455, 5.85%, 0, 0, 2, 99.00, 334871, 9988, 0, 0
1484, 0, 9, 1895, 1891, 455, 5.85%, 0, 0, 2, 110.85, 335423, 9989, 0, 0
1490, 0, 9, 1895, 1891, 455, 5.85%, 0, 0, 2, 96.28, 335910, 9989, 0, 0
1495, 0, 9, 1896, 1892, 455, 5.85%, 0, 0, 2, 97.28, 336435, 9989, 0, 0
1500, 0, 9, 1897, 1893, 455, 5.85%, 0, 0, 2, 101.16, 336949, 9990, 0, 0
1505, 0, 9, 1897, 1893, 455, 5.85%, 0, 0, 2, 114.08, 337535, 9990, 0, 0
1510, 0, 9, 1898, 1894, 455, 5.85%, 0, 0, 2, 99.89, 338028, 9990, 0, 0
1515, 0, 9, 1898, 1894, 455, 5.85%, 0, 0, 2, 93.91, 338496, 9990, 0, 0
1520, 0, 9, 1899, 1895, 455, 5.85%, 0, 0, 2, 89.32, 338943, 9990, 0, 0
1525, 0, 9, 1901, 1897, 455, 5.85%, 0, 0, 2, 103.24, 339480, 9991, 0, 0
1531, 0, 9, 1904, 1900, 455, 5.85%, 0, 0, 2, 116.06, 340084, 9991, 0, 0
1536, 0, 9, 1904, 1900, 455, 5.85%, 0, 0, 2, 102.42, 340594, 9991, 0, 0
1541, 0, 9, 1906, 1902, 455, 5.85%, 0, 0, 2, 106.40, 341154, 9992, 0, 0
1546, 0, 9, 1907, 1903, 455, 5.85%, 0, 0, 2, 97.69, 341642, 9992, 0, 0
1551, 0, 9, 1907, 1903, 455, 5.85%, 0, 0, 2, 103.13, 342179, 9992, 0, 0
1556, 0, 9, 1908, 1904, 455, 5.85%, 0, 0, 2, 100.16, 342678, 9992, 0, 0
1561, 0, 9, 1909, 1905, 455, 5.85%, 0, 0, 2, 102.84, 343213, 9992, 0, 0
1566, 0, 9, 1910, 1906, 455, 5.86%, 0, 0, 2, 97.27, 343697, 9995, 0, 0
1572, 0, 9, 1911, 1907, 455, 5.86%, 0, 0, 2, 84.99, 344151, 9995, 0, 0
1577, 0, 9, 1912, 1908, 455, 5.86%, 0, 0, 2, 93.36, 344608, 9995, 0, 0
1582, 0, 9, 1912, 1908, 455, 5.86%, 0, 0, 2, 96.22, 345094, 9995, 0, 0
1587, 0, 9, 1914, 1910, 455, 5.86%, 0, 0, 2, 99.23, 345605, 9995, 0, 0
1592, 0, 9, 1916, 1912, 455, 5.86%, 0, 0, 2, 112.25, 346193, 9995, 0, 0
1597, 0, 9, 1917, 1913, 455, 5.86%, 0, 0, 2, 108.55, 346758, 9995, 0, 0
1602, 0, 9, 1917, 1913, 455, 5.86%, 0, 0, 2, 116.43, 347338, 9995, 0, 0
1608, 0, 9, 1918, 1914, 455, 5.86%, 0, 0, 2, 94.69, 347801, 9997, 0, 0
1613, 0, 9, 1920, 1916, 455, 5.86%, 0, 0, 2, 98.02, 348293, 9997, 0, 0
1618, 0, 9, 1920, 1916, 455, 5.86%, 0, 0, 2, 97.04, 348782, 9997, 0, 0
1623, 0, 9, 1921, 1917, 455, 5.86%, 0, 0, 2, 99.29, 349287, 9997, 0, 0
1628, 0, 9, 1921, 1917, 455, 5.86%, 0, 0, 2, 105.96, 349828, 9997, 0, 0
1633, 0, 9, 1922, 1918, 455, 5.86%, 0, 0, 2, 88.91, 350285, 9997, 0, 0
1638, 0, 9, 1924, 1920, 455, 5.86%, 0, 0, 2, 100.32, 350779, 9998, 0, 0
1643, 0, 9, 1925, 1921, 455, 5.86%, 0, 0, 2, 99.00, 351286, 9998, 0, 0
1648, 0, 9, 1926, 1922, 455, 5.86%, 0, 0, 2, 102.99, 351825, 10005, 0, 0
1654, 0, 9, 1926, 1922, 455, 5.86%, 0, 0, 2, 95.85, 352327, 10005, 0, 0
1659, 0, 9, 1928, 1924, 455, 5.86%, 0, 0, 2, 93.94, 352790, 10006, 0, 0
1664, 0, 9, 1928, 1924, 455, 5.86%, 0, 0, 2, 92.29, 353277, 10006, 0, 0
1669, 0, 9, 1929, 1925, 455, 5.86%, 0, 0, 2, 102.78, 353804, 10006, 0, 0
1674, 0, 9, 1929, 1925, 455, 5.86%, 0, 0, 2, 99.77, 354304, 10006, 0, 0
1679, 0, 9, 1929, 1925, 455, 5.86%, 0, 0, 2, 106.44, 354844, 10006, 0, 0
1684, 0, 9, 1930, 1926, 455, 5.86%, 0, 0, 2, 105.27, 355403, 10006, 0, 0
1690, 0, 9, 1931, 1927, 455, 5.86%, 0, 0, 2, 96.43, 355902, 10007, 0, 0
1695, 0, 9, 1933, 1929, 455, 5.86%, 0, 0, 2, 109.84, 356480, 10007, 0, 0
1700, 0, 9, 1933, 1929, 455, 5.86%, 0, 0, 2, 102.22, 356978, 10007, 0, 0
1705, 0, 9, 1934, 1930, 455, 5.86%, 0, 0, 2, 90.28, 357404, 10007, 0, 0
1710, 0, 9, 1936, 1932, 455, 5.86%, 0, 0, 2, 101.39, 357929, 10009, 0, 0
1715, 0, 9, 1937, 1933, 455, 5.86%, 0, 0, 2, 107.62, 358456, 10009, 0, 0
1720, 0, 9, 1938, 1934, 455, 5.86%, 0, 0, 2, 100.10, 358967, 10010, 0, 0
1725, 0, 9, 1939, 1935, 455, 5.86%, 0, 0, 2, 106.29, 359504, 10010, 0, 0
1730, 0, 9, 1939, 1935, 455, 5.86%, 0, 0, 2, 102.73, 360024, 10010, 0, 0
1736, 0, 11, 1940, 1935, 529, 5.86%, 0, 0, 2, 126.07, 360617, 10010, 0, 0
1741, 0, 11, 2035, 2030, 529, 5.95%, 0, 0, 2, 471.15, 363269, 10159, 0, 0
1746, 0, 11, 2044, 2039, 529, 5.95%, 0, 0, 2, 539.20, 366162, 10160, 0, 0
1751, 0, 11, 2085, 2080, 529, 5.97%, 0, 0, 2, 560.54, 368988, 10198, 0, 0
1756, 0, 11, 2115, 2110, 529, 5.99%, 0, 0, 2, 531.13, 371710, 10218, 0, 0
1761, 0, 11, 2121, 2116, 529, 5.99%, 0, 0, 2, 562.88, 374501, 10223, 0, 0
1766, 0, 11, 2128, 2123, 529, 5.99%, 0, 0, 2, 485.87, 376781, 10232, 0, 0
1771, 0, 11, 2132, 2127, 529, 6.00%, 0, 0, 2, 490.83, 379399, 10235, 0, 0
1776, 0, 11, 2133, 2128, 529, 6.00%, 0, 0, 2, 559.00, 382373, 10235, 0, 0
1781, 0, 11, 2203, 2198, 529, 6.00%, 0, 0, 2, 586.73, 385245, 10249, 0, 0
1787, 0, 11, 2235, 2230, 529, 6.00%, 0, 0, 2, 660.81, 388752, 10250, 0, 0
1792, 0, 11, 2252, 2247, 529, 6.01%, 0, 0, 2, 659.57, 392069, 10255, 0, 0
1797, 0, 11, 2266, 2261, 529, 6.01%, 0, 0, 2, 662.34, 395313, 10257, 0, 0
1802, 0, 11, 2275, 2270, 529, 6.01%, 0, 0, 2, 664.06, 398639, 10258, 0, 0
1807, 0, 11, 2283, 2278, 529, 6.01%, 0, 0, 2, 617.46, 401724, 10258, 0, 0
1812, 0, 11, 2289, 2284, 529, 6.01%, 0, 0, 2, 575.81, 404690, 10261, 0, 0
1817, 0, 11, 2296, 2291, 529, 6.01%, 0, 0, 2, 589.18, 407676, 10262, 0, 0
1822, 0, 11, 2299, 2294, 529, 6.01%, 0, 0, 2, 591.48, 410656, 10262, 0, 0
1827, 0, 11, 2304, 2299, 529, 6.01%, 0, 0, 2, 583.95, 413716, 10263, 0, 0
1832, 0, 11, 2310, 2305, 529, 6.01%, 0, 0, 2, 613.80, 416877, 10264, 0, 0
1837, 0, 11, 2310, 2305, 529, 6.01%, 0, 0, 2, 663.78, 420282, 10264, 0, 0
1842, 0, 11, 2312, 2307, 529, 6.01%, 0, 0, 2, 665.68, 423624, 10265, 0, 0
1847, 0, 11, 2314, 2309, 529, 6.01%, 0, 0, 2, 704.73, 427185, 10265, 0, 0
1852, 0, 11, 2318, 2313, 529, 6.01%, 0, 0, 2, 703.16, 430713, 10265, 0, 0
1857, 0, 11, 2323, 2318, 529, 6.01%, 0, 0, 2, 700.73, 434192, 10267, 0, 0
1862, 0, 14, 2331, 2325, 622, 6.02%, 0, 0, 2, 706.61, 437722, 10269, 0, 0
1867, 0, 14, 2337, 2331, 622, 6.02%, 0, 0, 2, 644.78, 441045, 10269, 0, 0
1873, 0, 14, 2342, 2336, 622, 6.02%, 0, 0, 2, 478.93, 443312, 10269, 0, 0
1878, 0, 14, 2343, 2337, 622, 6.02%, 0, 0, 2, 352.88, 444834, 10269, 0, 0
1883, 0, 14, 2344, 2338, 622, 6.02%, 0, 0, 2, 455.50, 447207, 10270, 0, 0
1888, 0, 17, 2361, 2354, 621, 6.03%, 0, 0, 2, 388.48, 449339, 10292, 0, 0
1893, 0, 17, 2363, 2356, 621, 6.03%, 0, 0, 2, 283.52, 450683, 10293, 0, 0
1898, 0, 17, 2364, 2357, 621, 6.03%, 0, 0, 2, 226.80, 451757, 10293, 0, 0
1903, 0, 17, 2370, 2363, 621, 6.03%, 0, 0, 2, 192.44, 452507, 10293, 0, 0
1908, 0, 17, 2379, 2372, 621, 6.03%, 0, 0, 2, 327.32, 454370, 10295, 0, 0
1914, 0, 17, 2383, 2376, 621, 6.03%, 0, 0, 2, 291.27, 455583, 10297, 0, 0
1919, 0, 17, 2389, 2382, 621, 6.03%, 0, 0, 2, 369.42, 457479, 10300, 0, 0
1924, 0, 17, 2392, 2385, 621, 6.04%, 0, 0, 2, 359.40, 459257, 10304, 0, 0
1929, 0, 17, 2393, 2386, 621, 6.04%, 0, 0, 2, 359.44, 461056, 10306, 0, 0
1934, 0, 17, 2397, 2390, 621, 6.04%, 0, 0, 2, 293.44, 462436, 10307, 0, 0
1939, 0, 17, 2401, 2394, 621, 6.04%, 0, 0, 2, 449.26, 464850, 10307, 0, 0
1944, 0, 17, 2401, 2394, 621, 6.04%, 0, 0, 2, 404.25, 466850, 10307, 0, 0
1949, 0, 17, 2404, 2397, 621, 6.04%, 0, 0, 2, 258.91, 468140, 10314, 0, 0
1954, 0, 17, 2405, 2398, 621, 6.04%, 0, 0, 2, 217.05, 469158, 10314, 0, 0
1960, 0, 17, 2407, 2400, 621, 6.04%, 0, 0, 2, 220.90, 470268, 10314, 0, 0
1965, 0, 17, 2407, 2400, 621, 6.04%, 0, 0, 2, 226.76, 471424, 10314, 0, 0
1970, 0, 17, 2408, 2401, 621, 6.04%, 0, 0, 2, 238.35, 472619, 10314, 0, 0
1975, 0, 17, 2409, 2402, 621, 6.04%, 0, 0, 2, 310.10, 474236, 10314, 0, 0
1980, 0, 17, 2411, 2404, 621, 6.04%, 0, 0, 2, 356.49, 476225, 10315, 0, 0
1985, 0, 17, 2412, 2405, 621, 6.05%, 0, 0, 2, 410.55, 478150, 10324, 0, 0
1990, 0, 17, 2415, 2408, 621, 6.05%, 0, 0, 2, 611.92, 481592, 10324, 0, 0
1995, 0, 17, 2417, 2410, 621, 6.05%, 0, 0, 2, 671.71, 485059, 10326, 0, 0
2000, 0, 17, 2419, 2412, 621, 6.05%, 0, 0, 2, 696.67, 488687, 10326, 0, 0
2005, 0, 17, 2419, 2412, 621, 6.05%, 0, 0, 2, 682.81, 492158, 10326, 0, 0
2011, 0, 17, 2420, 2413, 621, 6.05%, 0, 0, 2, 568.91, 494969, 10326, 0, 0
2016, 0, 17, 2420, 2413, 621, 6.05%, 0, 0, 2, 662.68, 498457, 10326, 0, 0
2021, 0, 17, 2422, 2415, 621, 6.05%, 0, 0, 2, 648.52, 501695, 10326, 0, 0
2026, 0, 20, 2458, 2450, 642, 6.06%, 0, 0, 2, 663.66, 504995, 10336, 0, 0
2031, 0, 20, 2483, 2475, 642, 6.06%, 0, 0, 2, 682.89, 508441, 10342, 0, 0
2036, 0, 20, 2503, 2495, 642, 6.06%, 0, 0, 2, 703.22, 512132, 10344, 0, 0
2041, 0, 20, 2513, 2505, 642, 6.06%, 0, 0, 2, 726.79, 515842, 10344, 0, 0
2046, 0, 20, 2523, 2515, 642, 6.06%, 0, 0, 2, 711.79, 519524, 10345, 0, 0
2051, 0, 20, 2527, 2519, 642, 6.06%, 0, 0, 2, 720.44, 523178, 10345, 0, 0
2056, 0, 20, 2534, 2526, 642, 6.06%, 0, 0, 2, 635.64, 526361, 10345, 0, 0
2061, 0, 20, 2541, 2533, 642, 6.06%, 0, 0, 2, 592.76, 529266, 10348, 0, 0
2066, 0, 20, 2542, 2534, 642, 6.06%, 0, 0, 2, 583.99, 532199, 10348, 0, 0
2071, 0, 20, 2544, 2536, 642, 6.06%, 0, 0, 2, 499.72, 534579, 10348, 0, 0
2077, 0, 20, 2545, 2537, 642, 6.06%, 0, 0, 2, 645.77, 538222, 10348, 0, 0
2082, 0, 20, 2550, 2542, 642, 6.06%, 0, 0, 2, 609.80, 541269, 10350, 0, 0
2087, 0, 20, 2553, 2545, 642, 6.06%, 0, 0, 2, 619.16, 544410, 10350, 0, 0
2092, 0, 20, 2554, 2546, 642, 6.06%, 0, 0, 2, 597.45, 547364, 10350, 0, 0
2097, 0, 20, 2555, 2547, 642, 6.06%, 0, 0, 2, 599.58, 550388, 10350, 0, 0
2102, 0, 20, 2556, 2548, 642, 6.06%, 0, 0, 2, 637.45, 553707, 10350, 0, 0
2107, 0, 23, 2569, 2560, 653, 6.07%, 0, 0, 2, 624.53, 556839, 10362, 0, 0
2112, 0, 26, 2601, 2591, 661, 6.08%, 0, 0, 2, 535.03, 559556, 10383, 0, 0
2117, 0, 26, 2618, 2608, 661, 6.08%, 0, 0, 2, 647.43, 562763, 10383, 0, 0
2122, 0, 26, 2624, 2614, 661, 6.09%, 0, 0, 2, 703.26, 566483, 10387, 0, 0
2127, 0, 26, 2631, 2621, 661, 6.09%, 0, 0, 2, 751.23, 570410, 10388, 0, 0
2133, 0, 26, 2633, 2623, 661, 6.09%, 0, 0, 2, 652.58, 573536, 10388, 0, 0
2138, 0, 26, 2634, 2624, 661, 6.09%, 0, 0, 2, 734.40, 577375, 10388, 0, 0
2143, 0, 26, 2636, 2626, 661, 6.09%, 0, 0, 2, 758.11, 581180, 10390, 0, 0
2148, 0, 26, 2637, 2627, 661, 6.09%, 0, 0, 2, 746.53, 584858, 10390, 0, 0
2153, 0, 26, 2639, 2629, 661, 6.09%, 0, 0, 2, 754.90, 588776, 10390, 0, 0
2158, 0, 26, 2641, 2631, 661, 6.09%, 0, 0, 2, 746.32, 592555, 10391, 0, 0
2163, 0, 26, 2643, 2633, 661, 6.09%, 0, 0, 2, 758.07, 596492, 10392, 0, 0
2168, 0, 26, 2643, 2633, 661, 6.09%, 0, 0, 2, 759.71, 600459, 10392, 0, 0
2173, 0, 26, 2645, 2635, 661, 6.09%, 0, 0, 2, 779.13, 604388, 10394, 0, 0
2179, 0, 26, 2646, 2636, 661, 6.09%, 0, 0, 2, 751.47, 608175, 10394, 0, 0
2184, 0, 27, 2688, 2676, 658, 6.11%, 0, 0, 2, 119.62, 610958, 10424, 0, 0
2189, 0, 27, 2707, 2695, 658, 6.11%, 0, 0, 2, 75.70, 611245, 10435, 0, 0
2194, 0, 27, 2840, 2828, 658, 6.16%, 0, 0, 2, 87.27, 612720, 10508, 0, 0
2199, 0, 27, 2925, 2913, 658, 6.17%, 0, 0, 2, 23.32, 613406, 10524, 0, 0
2204, 0, 27, 3235, 3223, 658, 6.25%, 0, 0, 2, 518.09, 615901, 10674, 0, 0
2209, 0, 27, 3404, 3392, 658, 6.29%, 0, 0, 2, 440.58, 617280, 10742, 0, 0
2215, 0, 29, 3541, 3529, 780, 6.34%, 0, 0, 2, 517.41, 618484, 10816, 0, 0
2220, 0, 2752, 3541, 3527, 778, 6.34%, 0, 0, 2, 261.15, 619485, 10816, 0, 0
2225, 0, 319, 3551, 3535, 776, 6.34%, 0, 0, 2, 383.41, 621097, 10816, 0, 0
2230, 0, 319, 3559, 3543, 776, 6.34%, 0, 0, 2, 597.04, 624507, 10818, 0, 0
2235, 0, 319, 3564, 3548, 776, 6.34%, 0, 0, 2, 646.73, 627833, 10818, 0, 0
2240, 0, 2786, 3567, 3548, 773, 6.34%, 0, 0, 2, 689.65, 631257, 10818, 0, 0
2245, 0, 3170, 3586, 3565, 772, 6.34%, 0, 0, 2, 560.50, 634047, 10823, 0, 0
2250, 0, 3170, 3588, 3567, 772, 6.34%, 0, 0, 2, 496.03, 636540, 10823, 0, 0
2255, 0, 3170, 3588, 3567, 772, 6.34%, 0, 0, 2, 516.58, 639070, 10823, 0, 0
2260, 0, 3170, 3588, 3567, 772, 6.34%, 0, 0, 2, 488.04, 641427, 10823, 0, 0
2265, 0, 53, 3588, 3563, 772, 6.34%, 0, 0, 2, 604.42, 644558, 10823, 0, 0
2270, 0, 3045, 3589, 3562, 770, 6.34%, 0, 0, 2, 575.28, 647367, 10824, 0, 0
2276, 0, 3045, 3589, 3562, 770, 6.34%, 0, 0, 2, 500.79, 649916, 10824, 0, 0
2281, 0, 3045, 3590, 3563, 770, 6.34%, 0, 0, 2, 484.66, 652278, 10824, 0, 0
2286, 0, 3045, 3597, 3570, 770, 6.34%, 0, 0, 2, 561.79, 655166, 10824, 0, 0
2291, 0, 3045, 3601, 3574, 770, 6.34%, 0, 0, 2, 589.66, 658252, 10824, 0, 0
2296, 0, 3045, 3605, 3578, 770, 6.34%, 0, 0, 2, 597.64, 661294, 10824, 0, 0
2301, 0, 3045, 3608, 3581, 770, 6.34%, 0, 0, 2, 560.14, 663999, 10824, 0, 0
2306, 0, 3045, 3608, 3581, 770, 6.34%, 0, 0, 2, 609.03, 667134, 10824, 0, 0
2311, 0, 3045, 3611, 3584, 770, 6.34%, 0, 0, 2, 489.86, 669552, 10824, 0, 0
2316, 0, 3045, 3611, 3584, 770, 6.34%, 0, 0, 2, 539.97, 672215, 10824, 0, 0
2321, 0, 3045, 3613, 3586, 770, 6.34%, 0, 0, 2, 558.30, 675100, 10824, 0, 0
2326, 0, 3045, 3614, 3587, 770, 6.34%, 0, 0, 2, 488.42, 677565, 10824, 0, 0
2331, 0, 3045, 3614, 3587, 770, 6.34%, 0, 0, 2, 526.88, 680276, 10824, 0, 0
2337, 0, 3045, 3615, 3588, 770, 6.34%, 0, 0, 2, 584.40, 683320, 10824, 0, 0
2342, 0, 3045, 3616, 3589, 770, 6.34%, 0, 0, 2, 567.28, 686099, 10824, 0, 0
2347, 0, 3045, 3617, 3590, 770, 6.34%, 0, 0, 2, 612.54, 689289, 10824, 0, 0
2352, 0, 54, 3618, 3590, 771, 6.34%, 0, 0, 2, 488.92, 691657, 10825, 0, 0
2357, 0, 54, 3620, 3592, 771, 6.34%, 0, 0, 2, 450.11, 693963, 10825, 0, 0
2362, 0, 2929, 3623, 3591, 766, 6.34%, 0, 0, 2, 600.43, 697224, 10827, 0, 0
2367, 0, 66, 3630, 3597, 767, 6.34%, 0, 0, 2, 568.39, 700132, 10828, 0, 0
2372, 0, 66, 3633, 3600, 767, 6.34%, 0, 0, 2, 496.81, 702636, 10828, 0, 0
2377, 0, 66, 3636, 3603, 767, 6.34%, 0, 0, 2, 586.14, 705707, 10828, 0, 0
2382, 0, 67, 3637, 3603, 767, 6.34%, 0, 0, 2, 517.01, 708330, 10828, 0, 0
2388, 0, 1648, 3637, 3601, 765, 6.34%, 0, 0, 2, 78.36, 709750, 10828, 0, 0
2393, 0, 1648, 3637, 3601, 765, 6.34%, 0, 0, 2, 65.64, 710071, 10828, 0, 0
2398, 0, 1648, 3637, 3601, 765, 6.34%, 0, 0, 2, 68.19, 710452, 10828, 0, 0
2403, 0, 1374, 3637, 3600, 764, 6.34%, 0, 0, 2, 648.93, 711744, 10828, 0, 0
2408, 0, 1641, 3637, 3599, 763, 6.34%, 0, 0, 2, 72.80, 712194, 10828, 0, 0
2413, 0, 1641, 3637, 3599, 763, 6.34%, 0, 0, 2, 65.65, 712500, 10828, 0, 0
2418, 0, 1641, 3637, 3599, 763, 6.34%, 0, 0, 2, 57.65, 712805, 10828, 0, 0
2423, 0, 3588, 3637, 3593, 757, 6.34%, 0, 0, 2, 586.10, 714837, 10828, 0, 0
2428, 0, 1340, 3637, 3591, 755, 6.34%, 0, 0, 2, 541.28, 717568, 10828, 0, 0
2433, 0, 80, 3638, 3590, 753, 6.34%, 0, 0, 2, 327.68, 718953, 10828, 0, 0
2438, 0, 80, 3644, 3596, 753, 6.34%, 0, 0, 2, 328.53, 720654, 10828, 0, 0
2443, 0, 80, 3648, 3600, 753, 6.34%, 0, 0, 2, 316.31, 722260, 10828, 0, 0
2448, 0, 80, 3651, 3603, 753, 6.34%, 0, 0, 2, 219.82, 723351, 10828, 0, 0
2453, 0, 80, 3653, 3605, 753, 6.34%, 0, 0, 2, 193.15, 724238, 10828, 0, 0
2459, 0, 80, 3653, 3605, 753, 6.34%, 0, 0, 2, 236.43, 725438, 10828, 0, 0
2464, 0, 80, 3660, 3612, 753, 6.34%, 0, 0, 2, 375.00, 727495, 10829, 0, 0
2469, 0, 80, 3666, 3618, 753, 6.34%, 0, 0, 2, 382.66, 729532, 10830, 0, 0
2474, 0, 80, 3669, 3621, 753, 6.35%, 0, 0, 2, 424.00, 731740, 10834, 0, 0
2479, 0, 80, 3671, 3623, 753, 6.35%, 0, 0, 2, 439.85, 733930, 10834, 0, 0
2484, 0, 80, 3674, 3626, 753, 6.35%, 0, 0, 2, 427.32, 736095, 10834, 0, 0
2489, 0, 80, 3677, 3629, 753, 6.35%, 0, 0, 2, 379.34, 738107, 10835, 0, 0
2494, 0, 80, 3678, 3630, 753, 6.35%, 0, 0, 2, 399.05, 739997, 10835, 0, 0
2499, 0, 80, 3678, 3630, 753, 6.35%, 0, 0, 2, 445.84, 742243, 10835, 0, 0
2504, 0, 80, 3681, 3633, 753, 6.35%, 0, 0, 2, 459.28, 744605, 10835, 0, 0
2509, 0, 80, 3683, 3635, 753, 6.35%, 0, 0, 2, 458.51, 746950, 10835, 0, 0
2514, 0, 80, 3685, 3637, 753, 6.35%, 0, 0, 2, 453.77, 749196, 10835, 0, 0
2520, 0, 80, 3685, 3637, 753, 6.35%, 0, 0, 2, 455.25, 751518, 10835, 0, 0
2525, 0, 80, 3685, 3637, 753, 6.35%, 0, 0, 2, 447.23, 753796, 10835, 0, 0
2530, 0, 80, 3687, 3639, 753, 6.35%, 0, 0, 2, 395.56, 755850, 10836, 0, 0
2535, 0, 80, 3688, 3640, 753, 6.35%, 0, 0, 2, 407.55, 757913, 10836, 0, 0
2540, 0, 80, 3689, 3641, 753, 6.35%, 0, 0, 2, 431.28, 760128, 10836, 0, 0
2545, 0, 80, 3690, 3642, 753, 6.35%, 0, 0, 2, 437.95, 762407, 10836, 0, 0
2550, 0, 80, 3690, 3642, 753, 6.35%, 0, 0, 2, 338.47, 764153, 10836, 0, 0
2555, 0, 80, 3693, 3645, 753, 6.35%, 0, 0, 2, 415.54, 766332, 10836, 0, 0
2560, 0, 80, 3695, 3647, 753, 6.35%, 0, 0, 2, 434.18, 768602, 10837, 0, 0
2566, 0, 80, 3695, 3647, 753, 6.35%, 0, 0, 2, 426.68, 770810, 10837, 0, 0
2571, 0, 80, 3696, 3648, 753, 6.35%, 0, 0, 2, 429.08, 773009, 10837, 0, 0
2576, 0, 80, 3697, 3649, 753, 6.35%, 0, 0, 2, 464.29, 775281, 10837, 0, 0
2581, 0, 3029, 3698, 3648, 754, 6.35%, 0, 0, 2, 529.43, 777845, 10837, 0, 0
2586, 0, 3354, 3698, 3646, 752, 6.35%, 0, 0, 2, 401.68, 780096, 10837, 0, 0
2591, 0, 3354, 3698, 3646, 752, 6.35%, 0, 0, 2, 217.79, 780924, 10837, 0, 0
2596, 0, 3354, 3698, 3646, 752, 6.35%, 0, 0, 2, 208.99, 781908, 10837, 0, 0
2601, 0, 3354, 3700, 3648, 752, 6.35%, 0, 0, 2, 218.68, 783019, 10837, 0, 0
2606, 0, 3354, 3701, 3649, 752, 6.35%, 0, 0, 2, 207.30, 784094, 10837, 0, 0
2611, 0, 3354, 3701, 3649, 752, 6.35%, 0, 0, 2, 171.63, 784946, 10837, 0, 0
2616, 0, 3354, 3701, 3649, 752, 6.35%, 0, 0, 2, 197.09, 786005, 10837, 0, 0
2622, 0, 3354, 3701, 3649, 752, 6.35%, 0, 0, 2, 198.48, 787034, 10837, 0, 0
2627, 0, 3354, 3701, 3649, 752, 6.35%, 0, 0, 2, 193.82, 788027, 10837, 0, 0
2632, 0, 3354, 3701, 3649, 752, 6.35%, 0, 0, 2, 209.58, 789078, 10837, 0, 0
2637, 0, 3354, 3701, 3649, 752, 6.35%, 0, 0, 2, 214.84, 790178, 10837, 0, 0
2642, 0, 3354, 3701, 3649, 752, 6.35%, 0, 0, 2, 210.38, 791242, 10837, 0, 0
2647, 0, 3354, 3701, 3649, 752, 6.35%, 0, 0, 2, 202.24, 792262, 10837, 0, 0
2652, 0, 3354, 3701, 3649, 752, 6.35%, 0, 0, 2, 194.91, 793232, 10837, 0, 0
2657, 0, 3354, 3701, 3649, 752, 6.35%, 0, 0, 2, 200.42, 794254, 10837, 0, 0
2662, 0, 3354, 3701, 3649, 752, 6.35%, 0, 0, 2, 197.36, 795224, 10837, 0, 0
2667, 0, 3354, 3701, 3649, 752, 6.35%, 0, 0, 2, 190.96, 796187, 10837, 0, 0
2672, 0, 3354, 3701, 3649, 752, 6.35%, 0, 0, 2, 163.25, 796973, 10837, 0, 0
2677, 0, 3354, 3701, 3649, 752, 6.35%, 0, 0, 2, 187.94, 797951, 10837, 0, 0
2682, 0, 3354, 3701, 3649, 752, 6.35%, 0, 0, 2, 192.46, 798947, 10837, 0, 0
2688, 0, 3354, 3701, 3649, 752, 6.35%, 0, 0, 2, 192.73, 799937, 10837, 0, 0
2693, 0, 3354, 3701, 3649, 752, 6.35%, 0, 0, 2, 196.17, 800969, 10837, 0, 0
2698, 0, 3354, 3701, 3649, 752, 6.35%, 0, 0, 2, 205.19, 802002, 10837, 0, 0
2703, 0, 3354, 3701, 3649, 752, 6.35%, 0, 0, 2, 202.56, 803022, 10837, 0, 0
2708, 0, 3354, 3701, 3649, 752, 6.35%, 0, 0, 2, 198.86, 804034, 10837, 0, 0
2713, 0, 3354, 3701, 3649, 752, 6.35%, 0, 0, 2, 193.48, 804989, 10837, 0, 0
2718, 0, 3354, 3701, 3649, 752, 6.35%, 0, 0, 2, 187.04, 805907, 10837, 0, 0
2723, 0, 3354, 3701, 3649, 752, 6.35%, 0, 0, 2, 168.40, 806756, 10837, 0, 0
2728, 0, 3354, 3701, 3649, 752, 6.35%, 0, 0, 2, 170.64, 807617, 10837, 0, 0
2733, 0, 3354, 3702, 3650, 752, 6.35%, 0, 0, 2, 172.17, 808470, 10837, 0, 0
2738, 0, 3354, 3702, 3650, 752, 6.35%, 0, 0, 2, 168.64, 809307, 10837, 0, 0
2744, 0, 3354, 3702, 3650, 752, 6.35%, 0, 0, 2, 160.97, 810171, 10837, 0, 0
2749, 0, 3354, 3702, 3650, 752, 6.35%, 0, 0, 2, 164.06, 811008, 10837, 0, 0
2754, 0, 3354, 3702, 3650, 752, 6.35%, 0, 0, 2, 158.93, 811815, 10837, 0, 0
2759, 0, 3354, 3702, 3650, 752, 6.35%, 0, 0, 2, 160.31, 812637, 10837, 0, 0
2764, 0, 3354, 3703, 3651, 752, 6.35%, 0, 0, 2, 165.08, 813478, 10837, 0, 0
2769, 0, 3354, 3703, 3651, 752, 6.35%, 0, 0, 2, 177.16, 814372, 10837, 0, 0
2774, 0, 3354, 3703, 3651, 752, 6.35%, 0, 0, 2, 170.52, 815245, 10837, 0, 0
2779, 0, 3354, 3703, 3651, 752, 6.35%, 0, 0, 2, 163.67, 816070, 10837, 0, 0
2784, 0, 3354, 3703, 3651, 752, 6.35%, 0, 0, 2, 170.37, 816943, 10837, 0, 0
2789, 0, 3354, 3703, 3651, 752, 6.35%, 0, 0, 2, 168.11, 817786, 10837, 0, 0
2794, 0, 3354, 3703, 3651, 752, 6.35%, 0, 0, 2, 174.98, 818716, 10837, 0, 0
2799, 0, 3354, 3703, 3651, 752, 6.35%, 0, 0, 2, 174.73, 819628, 10837, 0, 0
2805, 0, 3354, 3703, 3651, 752, 6.35%, 0, 0, 2, 171.49, 820513, 10837, 0, 0
2810, 0, 3354, 3703, 3651, 752, 6.35%, 0, 0, 2, 178.16, 821446, 10837, 0, 0
2815, 0, 3354, 3703, 3651, 752, 6.35%, 0, 0, 2, 170.91, 822292, 10837, 0, 0
2820, 0, 3354, 3703, 3651, 752, 6.35%, 0, 0, 2, 154.64, 823078, 10837, 0, 0
2825, 0, 3354, 3703, 3651, 752, 6.35%, 0, 0, 2, 165.35, 823933, 10837, 0, 0
2830, 0, 3354, 3703, 3651, 752, 6.35%, 0, 0, 2, 137.50, 824650, 10837, 0, 0
2835, 0, 3354, 3703, 3651, 752, 6.35%, 0, 0, 2, 152.32, 825436, 10837, 0, 0
2840, 0, 3354, 3703, 3651, 752, 6.35%, 0, 0, 2, 170.44, 826351, 10837, 0, 0
2845, 0, 3354, 3703, 3651, 752, 6.35%, 0, 0, 2, 161.81, 827161, 10837, 0, 0
2850, 0, 3354, 3703, 3651, 752, 6.35%, 0, 0, 2, 162.39, 828001, 10837, 0, 0
2855, 0, 3354, 3703, 3651, 752, 6.35%, 0, 0, 2, 174.01, 828880, 10837, 0, 0
2860, 0, 3354, 3703, 3651, 752, 6.35%, 0, 0, 2, 165.18, 829693, 10837, 0, 0
2865, 0, 3354, 3703, 3651, 752, 6.35%, 0, 0, 2, 157.52, 830476, 10837, 0, 0
2870, 0, 3354, 3703, 3651, 752, 6.35%, 0, 0, 2, 168.58, 831343, 10837, 0, 0
2875, 0, 3354, 3703, 3651, 752, 6.35%, 0, 0, 2, 167.65, 832177, 10837, 0, 0
2881, 0, 3354, 3703, 3651, 752, 6.35%, 0, 0, 2, 165.56, 833041, 10837, 0, 0
2886, 0, 3354, 3703, 3651, 752, 6.35%, 0, 0, 2, 158.13, 833839, 10837, 0, 0
2891, 0, 3354, 3704, 3652, 752, 6.35%, 0, 0, 2, 159.36, 834689, 10837, 0, 0
2896, 0, 3354, 3704, 3652, 752, 6.35%, 0, 0, 2, 185.85, 835643, 10837, 0, 0
2901, 0, 3354, 3704, 3652, 752, 6.35%, 0, 0, 2, 166.40, 836465, 10837, 0, 0
2906, 0, 3354, 3705, 3653, 752, 6.35%, 0, 0, 2, 163.52, 837303, 10837, 0, 0
2911, 0, 3354, 3705, 3653, 752, 6.35%, 0, 0, 2, 173.92, 838173, 10837, 0, 0
2916, 0, 3354, 3707, 3655, 752, 6.35%, 0, 0, 2, 176.16, 839084, 10837, 0, 0
2921, 0, 3354, 3711, 3659, 752, 6.35%, 0, 0, 2, 182.66, 839997, 10840, 0, 0
2926, 0, 1705, 3711, 3655, 751, 6.35%, 0, 0, 2, 296.52, 841534, 10840, 0, 0
2931, 0, 1705, 3711, 3655, 751, 6.35%, 0, 0, 2, 134.12, 841992, 10840, 0, 0
2936, 0, 1705, 3711, 3655, 751, 6.35%, 0, 0, 2, 101.48, 842498, 10840, 0, 0
2941, 0, 91, 3711, 3653, 749, 6.35%, 0, 0, 2, 54.25, 842758, 10840, 0, 0
2947, 0, 91, 3711, 3653, 749, 6.35%, 0, 0, 2, 31.03, 842880, 10840, 0, 0
2952, 0, 91, 3711, 3653, 749, 6.35%, 0, 0, 2, 25.85, 842994, 10840, 0, 0
2957, 0, 91, 3711, 3653, 749, 6.35%, 0, 0, 2, 24.75, 843122, 10840, 0, 0
2962, 0, 91, 3711, 3653, 749, 6.35%, 0, 0, 2, 19.81, 843218, 10840, 0, 0
2967, 0, 91, 3711, 3653, 749, 6.35%, 0, 0, 2, 27.42, 843363, 10840, 0, 0
2972, 0, 91, 3711, 3653, 749, 6.35%, 0, 0, 2, 26.23, 843497, 10840, 0, 0
2977, 0, 91, 3711, 3653, 749, 6.35%, 0, 0, 2, 22.68, 843611, 10840, 0, 0
2982, 0, 91, 3711, 3653, 749, 6.35%, 0, 0, 2, 19.31, 843705, 10840, 0, 0
2988, 0, 91, 3711, 3653, 749, 6.35%, 0, 0, 2, 18.09, 843796, 10840, 0, 0
2993, 0, 94, 3712, 3651, 746, 6.35%, 0, 0, 2, 393.92, 844622, 10840, 0, 0
2998, 0, 94, 3718, 3657, 746, 6.35%, 0, 0, 2, 323.55, 846214, 10840, 0, 0
3003, 0, 94, 3721, 3660, 746, 6.35%, 0, 0, 2, 288.27, 847626, 10840, 0, 0
3008, 0, 94, 3723, 3662, 746, 6.35%, 0, 0, 2, 271.62, 849005, 10840, 0, 0
3013, 0, 94, 3725, 3664, 746, 6.35%, 0, 0, 2, 273.08, 850344, 10840, 0, 0
3018, 0, 94, 3726, 3665, 746, 6.35%, 0, 0, 2, 264.71, 851676, 10840, 0, 0
3023, 0, 94, 3726, 3665, 746, 6.35%, 0, 0, 2, 268.20, 853046, 10840, 0, 0
3028, 0, 94, 3726, 3665, 746, 6.35%, 0, 0, 2, 266.66, 854431, 10840, 0, 0
3033, 0, 94, 3727, 3666, 746, 6.35%, 0, 0, 2, 256.43, 855728, 10840, 0, 0
3038, 0, 94, 3728, 3667, 746, 6.35%, 0, 0, 2, 206.90, 856746, 10840, 0, 0
3044, 0, 94, 3729, 3668, 746, 6.35%, 0, 0, 2, 222.52, 857865, 10840, 0, 0
3049, 0, 3667, 3729, 3666, 744, 6.35%, 0, 0, 2, 379.96, 859720, 10840, 0, 0
3054, 0, 98, 3738, 3674, 743, 6.35%, 0, 0, 2, 492.36, 862347, 10840, 0, 0
3059, 0, 98, 3752, 3688, 743, 6.35%, 0, 0, 2, 573.49, 865321, 10841, 0, 0
3064, 0, 98, 3758, 3694, 743, 6.35%, 0, 0, 2, 583.93, 868366, 10843, 0, 0
3069, 0, 98, 3758, 3694, 743, 6.35%, 0, 0, 2, 553.55, 871105, 10843, 0, 0
3074, 0, 3709, 3759, 3692, 741, 6.35%, 0, 0, 2, 435.48, 873462, 10843, 0, 0
3079, 0, 3709, 3759, 3692, 741, 6.35%, 0, 0, 2, 234.08, 874326, 10843, 0, 0
3084, 0, 2130, 3759, 3691, 740, 6.35%, 0, 0, 2, 328.57, 875701, 10843, 0, 0
3089, 0, 106, 3763, 3693, 739, 6.35%, 0, 0, 2, 601.82, 879245, 10844, 0, 0
3094, 0, 106, 3770, 3700, 739, 6.35%, 0, 0, 2, 631.35, 882438, 10844, 0, 0
3099, 0, 106, 3771, 3701, 739, 6.35%, 0, 0, 2, 643.86, 885673, 10844, 0, 0
3104, 0, 106, 3772, 3702, 739, 6.35%, 0, 0, 2, 621.70, 888752, 10844, 0, 0
3109, 0, 1716, 3774, 3700, 734, 6.35%, 0, 0, 2, 98.23, 890631, 10844, 0, 0
3114, 0, 1716, 3774, 3700, 734, 6.35%, 0, 0, 2, 100.47, 891133, 10844, 0, 0
3119, 0, 3284, 3783, 3708, 733, 6.36%, 0, 0, 2, 699.74, 892288, 10854, 0, 0
3125, 0, 3284, 3793, 3718, 733, 6.36%, 0, 0, 2, 753.56, 896072, 10864, 0, 0
3130, 0, 3284, 3801, 3726, 733, 6.37%, 0, 0, 2, 708.45, 899671, 10867, 0, 0
3135, 0, 3284, 3806, 3731, 733, 6.37%, 0, 0, 2, 722.96, 903290, 10871, 0, 0
3140, 0, 3284, 3809, 3734, 733, 6.37%, 0, 0, 2, 758.82, 907134, 10871, 0, 0
3145, 0, 3284, 3811, 3736, 733, 6.37%, 0, 0, 2, 753.47, 910997, 10873, 0, 0
3150, 0, 3284, 3812, 3737, 733, 6.37%, 0, 0, 2, 742.24, 914756, 10874, 0, 0
3155, 0, 3284, 3812, 3737, 733, 6.37%, 0, 0, 2, 674.30, 918137, 10874, 0, 0
3160, 0, 3284, 3814, 3739, 733, 6.37%, 0, 0, 2, 711.44, 921672, 10875, 0, 0
3165, 0, 3284, 3814, 3739, 733, 6.37%, 0, 0, 2, 689.36, 925132, 10875, 0, 0
3170, 0, 3284, 3816, 3741, 733, 6.37%, 0, 0, 2, 717.77, 928882, 10876, 0, 0
3175, 0, 115, 3822, 3746, 755, 6.37%, 0, 0, 2, 662.83, 932358, 10879, 0, 0
3180, 0, 115, 3833, 3757, 755, 6.38%, 0, 0, 2, 635.52, 935500, 10886, 0, 0
3185, 0, 115, 3841, 3765, 755, 6.38%, 0, 0, 2, 615.39, 938604, 10888, 0, 0
3190, 0, 115, 3845, 3769, 755, 6.38%, 0, 0, 2, 626.66, 941824, 10889, 0, 0
3196, 0, 3515, 3845, 3767, 757, 6.38%, 0, 0, 2, 105.70, 944551, 10889, 0, 0
3201, 0, 3515, 3845, 3767, 757, 6.38%, 0, 0, 2, 90.10, 944996, 10889, 0, 0
3206, 0, 3515, 3845, 3767, 757, 6.38%, 0, 0, 2, 84.94, 945439, 10889, 0, 0
3211, 0, 3515, 3845, 3767, 757, 6.38%, 0, 0, 2, 88.14, 945890, 10889, 0, 0
3216, 0, 3515, 3845, 3767, 757, 6.38%, 0, 0, 2, 77.87, 946295, 10889, 0, 0
3221, 0, 3515, 3852, 3774, 757, 6.38%, 0, 0, 2, 78.33, 946678, 10889, 0, 0
3226, 0, 3515, 3852, 3774, 757, 6.38%, 0, 0, 2, 77.79, 947088, 10889, 0, 0
3231, 0, 3515, 3853, 3775, 757, 6.38%, 0, 0, 2, 83.34, 947514, 10889, 0, 0
3236, 0, 3515, 3853, 3775, 757, 6.38%, 0, 0, 2, 76.98, 947901, 10889, 0, 0
3242, 0, 3515, 3853, 3775, 757, 6.38%, 0, 0, 2, 69.59, 948253, 10889, 0, 0
3247, 0, 3515, 3855, 3777, 757, 6.38%, 0, 0, 2, 84.28, 948757, 10889, 0, 0
3252, 0, 3515, 3855, 3777, 757, 6.38%, 0, 0, 2, 87.00, 949231, 10889, 0, 0
3257, 0, 3515, 3855, 3777, 757, 6.38%, 0, 0, 2, 66.38, 949569, 10889, 0, 0
3262, 0, 3515, 3855, 3777, 757, 6.38%, 0, 0, 2, 55.00, 949825, 10889, 0, 0
3267, 0, 3515, 3855, 3777, 757, 6.38%, 0, 0, 2, 54.86, 950098, 10889, 0, 0
3272, 0, 3515, 3855, 3777, 757, 6.38%, 0, 0, 2, 52.87, 950359, 10889, 0, 0
3277, 0, 3515, 3855, 3777, 757, 6.38%, 0, 0, 2, 52.92, 950621, 10889, 0, 0
3282, 0, 3515, 3855, 3777, 757, 6.38%, 0, 0, 2, 56.68, 950892, 10889, 0, 0
3287, 0, 3515, 3855, 3777, 757, 6.38%, 0, 0, 2, 56.28, 951178, 10889, 0, 0
3292, 0, 3515, 3855, 3777, 757, 6.38%, 0, 0, 2, 56.45, 951475, 10889, 0, 0
3297, 0, 3515, 3855, 3777, 757, 6.38%, 0, 0, 2, 57.31, 951772, 10889, 0, 0
3302, 0, 3515, 3855, 3777, 757, 6.38%, 0, 0, 2, 73.96, 952150, 10889, 0, 0
3308, 0, 3515, 3855, 3777, 757, 6.38%, 0, 0, 2, 66.39, 952496, 10889, 0, 0
3313, 0, 3515, 3855, 3777, 757, 6.38%, 0, 0, 2, 58.22, 952793, 10889, 0, 0
3318, 0, 3515, 3855, 3777, 757, 6.38%, 0, 0, 2, 52.56, 953058, 10889, 0, 0
3323, 0, 3515, 3855, 3777, 757, 6.38%, 0, 0, 2, 49.53, 953291, 10889, 0, 0
3328, 0, 3515, 3855, 3777, 757, 6.38%, 0, 0, 2, 51.34, 953559, 10889, 0, 0
3333, 0, 3515, 3855, 3777, 757, 6.38%, 0, 0, 2, 56.70, 953843, 10889, 0, 0
3338, 0, 3515, 3855, 3777, 757, 6.38%, 0, 0, 2, 53.30, 954129, 10889, 0, 0
3343, 0, 3515, 3855, 3777, 757, 6.38%, 0, 0, 2, 61.87, 954428, 10889, 0, 0
3348, 0, 3515, 3855, 3777, 757, 6.38%, 0, 0, 2, 65.23, 954766, 10889, 0, 0
3353, 0, 3515, 3855, 3777, 757, 6.38%, 0, 0, 2, 59.67, 955081, 10889, 0, 0
3358, 0, 3515, 3855, 3777, 757, 6.38%, 0, 0, 2, 72.00, 955470, 10889, 0, 0
3363, 0, 3515, 3855, 3777, 757, 6.38%, 0, 0, 2, 68.42, 955828, 10889, 0, 0
3368, 0, 3515, 3855, 3777, 757, 6.38%, 0, 0, 2, 62.24, 956151, 10889, 0, 0
3373, 0, 3515, 3855, 3777, 757, 6.38%, 0, 0, 2, 56.35, 956424, 10889, 0, 0
3378, 0, 3515, 3855, 3777, 757, 6.38%, 0, 0, 2, 59.49, 956725, 10889, 0, 0
3384, 0, 3515, 3855, 3777, 757, 6.38%, 0, 0, 2, 57.85, 957025, 10889, 0, 0
3389, 0, 3515, 3855, 3777, 757, 6.38%, 0, 0, 2, 56.79, 957308, 10889, 0, 0
3394, 0, 3515, 3855, 3777, 757, 6.38%, 0, 0, 2, 56.36, 957595, 10889, 0, 0
3399, 0, 3515, 3855, 3777, 757, 6.38%, 0, 0, 2, 55.64, 957869, 10889, 0, 0
3404, 0, 3515, 3855, 3777, 757, 6.38%, 0, 0, 2, 70.95, 958228, 10889, 0, 0
3409, 0, 3515, 3856, 3778, 757, 6.38%, 0, 0, 2, 71.35, 958582, 10889, 0, 0
3414, 0, 3515, 3856, 3778, 757, 6.38%, 0, 0, 2, 81.82, 958975, 10889, 0, 0
3419, 0, 3515, 3856, 3778, 757, 6.38%, 0, 0, 2, 77.75, 959348, 10889, 0, 0
3424, 0, 3515, 3856, 3778, 757, 6.38%, 0, 0, 2, 55.81, 959640, 10889, 0, 0
3429, 0, 3515, 3856, 3778, 757, 6.38%, 0, 0, 2, 44.85, 959858, 10889, 0, 0
3434, 0, 3515, 3856, 3778, 757, 6.38%, 0, 0, 2, 31.54, 960006, 10889, 0, 0
3440, 0, 3515, 3857, 3779, 757, 6.38%, 0, 0, 2, 32.63, 960188, 10889, 0, 0
3445, 0, 3515, 3857, 3779, 757, 6.38%, 0, 0, 2, 25.90, 960315, 10889, 0, 0
3450, 0, 3515, 3857, 3779, 757, 6.38%, 0, 0, 2, 38.07, 960511, 10889, 0, 0
3455, 0, 3515, 3857, 3779, 757, 6.38%, 0, 0, 2, 32.42, 960667, 10889, 0, 0
3460, 0, 3515, 3857, 3779, 757, 6.38%, 0, 0, 2, 33.69, 960823, 10889, 0, 0
3465, 0, 3515, 3857, 3779, 757, 6.38%, 0, 0, 2, 32.76, 960984, 10889, 0, 0
3470, 0, 3515, 3857, 3779, 757, 6.38%, 0, 0, 2, 25.59, 961112, 10889, 0, 0
3475, 0, 3515, 3857, 3779, 757, 6.38%, 0, 0, 2, 28.01, 961248, 10889, 0, 0
3481, 0, 3515, 3857, 3779, 757, 6.38%, 0, 0, 2, 30.72, 961401, 10889, 0, 0
3486, 0, 3515, 3857, 3779, 757, 6.38%, 0, 0, 2, 32.52, 961553, 10889, 0, 0
3491, 0, 3515, 3857, 3779, 757, 6.38%, 0, 0, 2, 32.05, 961699, 10889, 0, 0
3496, 0, 3515, 3857, 3779, 757, 6.38%, 0, 0, 2, 32.88, 961867, 10889, 0, 0
3501, 0, 3515, 3857, 3779, 757, 6.38%, 0, 0, 2, 35.52, 962042, 10889, 0, 0
3506, 0, 3515, 3857, 3779, 757, 6.38%, 0, 0, 2, 56.76, 962344, 10889, 0, 0
3511, 0, 3515, 3857, 3779, 757, 6.38%, 0, 0, 2, 64.58, 962673, 10889, 0, 0
3516, 0, 3515, 3857, 3779, 757, 6.38%, 0, 0, 2, 57.37, 962957, 10889, 0, 0
3521, 0, 3515, 3857, 3779, 757, 6.38%, 0, 0, 2, 61.24, 963268, 10889, 0, 0
3526, 0, 3515, 3857, 3779, 757, 6.38%, 0, 0, 2, 55.30, 963548, 10889, 0, 0
3532, 0, 3515, 3857, 3779, 757, 6.38%, 0, 0, 2, 52.28, 963823, 10889, 0, 0
3537, 0, 3515, 3857, 3779, 757, 6.38%, 0, 0, 2, 57.45, 964133, 10889, 0, 0
3542, 0, 3515, 3857, 3779, 757, 6.38%, 0, 0, 2, 53.87, 964402, 10889, 0, 0
3547, 0, 3515, 3857, 3779, 757, 6.38%, 0, 0, 2, 55.60, 964686, 10889, 0, 0
3552, 0, 3515, 3857, 3779, 757, 6.38%, 0, 0, 2, 62.59, 965024, 10889, 0, 0
3557, 0, 3515, 3857, 3779, 757, 6.38%, 0, 0, 2, 57.77, 965316, 10889, 0, 0
3562, 0, 3515, 3857, 3779, 757, 6.38%, 0, 0, 2, 61.47, 965611, 10889, 0, 0
3567, 0, 3515, 3857, 3779, 757, 6.38%, 0, 0, 2, 55.65, 965881, 10889, 0, 0
3572, 0, 3515, 3857, 3779, 757, 6.38%, 0, 0, 2, 52.03, 966140, 10889, 0, 0
3577, 0, 3515, 3857, 3779, 757, 6.38%, 0, 0, 2, 60.08, 966457, 10889, 0, 0
3582, 0, 3515, 3857, 3779, 757, 6.38%, 0, 0, 2, 56.34, 966733, 10889, 0, 0
3587, 0, 3515, 3857, 3779, 757, 6.38%, 0, 0, 2, 68.09, 967086, 10889, 0, 0
3593, 0, 3515, 3857, 3779, 757, 6.38%, 0, 0, 2, 65.91, 967424, 10889, 0, 0
3598, 0, 3515, 3857, 3779, 757, 6.38%, 0, 0, 2, 63.11, 967751, 10889, 0, 0
3603, 0, 3515, 3857, 3779, 757, 6.38%, 0, 0, 2, 54.03, 968014, 10889, 0, 0
3608, 0, 3515, 3857, 3779, 757, 6.38%, 0, 0, 2, 70.73, 968399, 10889, 0, 0
3613, 0, 3515, 3857, 3779, 757, 6.38%, 0, 0, 2, 72.67, 968780, 10889, 0, 0
3618, 0, 3515, 3857, 3779, 757, 6.38%, 0, 0, 2, 69.26, 969108, 10889, 0, 0
3618, 0, 3515, 3857, 3779, 757, 6.38%, 0, 0, 2, 68.55, 969119, 10889, 0, 0
