# relative_time, cycles_done, cur_item, corpus_count, pending_total, pending_favs, map_size, saved_crashes, saved_hangs, max_depth, execs_per_sec, total_execs, edges_found, total_crashes, servers_count
61, 0, 0, 785, 785, 155, 8.92%, 0, 0, 2, 641.91, 49701, 4435, 0, 0
66, 0, 0, 791, 791, 155, 8.93%, 0, 0, 2, 549.90, 52578, 4437, 0, 0
71, 0, 0, 798, 798, 155, 8.93%, 0, 0, 2, 439.98, 54793, 4439, 0, 0
76, 0, 0, 803, 803, 155, 8.93%, 0, 0, 2, 514.08, 57323, 4439, 0, 0
81, 0, 0, 814, 814, 155, 8.94%, 0, 0, 2, 667.76, 60949, 4441, 0, 0
86, 0, 0, 821, 821, 155, 8.94%, 0, 0, 2, 787.56, 65199, 4441, 0, 0
91, 0, 6, 993, 992, 303, 9.10%, 0, 0, 2, 716.76, 68767, 4525, 0, 0
96, 0, 6, 1029, 1028, 303, 9.14%, 0, 0, 2, 800.38, 72984, 4541, 0, 0
101, 0, 6, 1054, 1053, 303, 9.15%, 0, 0, 2, 779.84, 76894, 4548, 0, 0
107, 0, 6, 1068, 1067, 303, 9.16%, 0, 0, 2, 716.14, 80546, 4551, 0, 0
112, 0, 6, 1075, 1074, 303, 9.17%, 0, 0, 2, 783.02, 84406, 4556, 0, 0
117, 0, 6, 1079, 1078, 303, 9.17%, 0, 0, 2, 889.11, 89129, 4556, 0, 0
122, 0, 6, 1086, 1085, 303, 9.17%, 0, 0, 2, 831.20, 93342, 4557, 0, 0
127, 0, 6, 1091, 1090, 303, 9.18%, 0, 0, 2, 835.97, 97729, 4561, 0, 0
132, 0, 6, 1093, 1092, 303, 9.18%, 0, 0, 2, 802.50, 101727, 4562, 0, 0
137, 0, 6, 1098, 1097, 303, 9.18%, 0, 0, 2, 813.34, 105938, 4563, 0, 0
142, 0, 6, 1103, 1102, 303, 9.18%, 0, 0, 2, 889.33, 110615, 4564, 0, 0
147, 0, 6, 1105, 1104, 303, 9.18%, 0, 0, 2, 813.44, 114627, 4564, 0, 0
152, 0, 6, 1110, 1109, 303, 9.18%, 0, 0, 2, 874.57, 119113, 4564, 0, 0
158, 0, 8, 1111, 1109, 336, 9.18%, 0, 0, 2, 783.61, 123243, 4564, 0, 0
163, 0, 8, 1173, 1171, 336, 9.34%, 0, 0, 2, 670.79, 126718, 4643, 0, 0
168, 0, 8, 1176, 1174, 336, 9.35%, 0, 0, 2, 806.00, 130742, 4646, 0, 0
173, 0, 8, 1196, 1194, 336, 9.38%, 0, 0, 2, 844.84, 135034, 4660, 0, 0
178, 0, 8, 1207, 1205, 336, 9.39%, 0, 0, 2, 903.42, 139647, 4665, 0, 0
183, 0, 8, 1218, 1216, 336, 9.39%, 0, 0, 2, 769.12, 143468, 4666, 0, 0
188, 0, 8, 1222, 1220, 336, 9.40%, 0, 0, 2, 701.19, 147016, 4671, 0, 0
193, 0, 8, 1227, 1225, 336, 9.40%, 0, 0, 2, 790.00, 151271, 4673, 0, 0
198, 0, 8, 1233, 1231, 336, 9.41%, 0, 0, 2, 802.93, 155549, 4675, 0, 0
203, 0, 8, 1239, 1237, 336, 9.42%, 0, 0, 2, 802.95, 159623, 4681, 0, 0
209, 0, 8, 1244, 1242, 336, 9.42%, 0, 0, 2, 741.45, 163326, 4684, 0, 0
214, 0, 8, 1248, 1246, 336, 9.43%, 0, 0, 2, 846.78, 167702, 4685, 0, 0
219, 0, 8, 1250, 1248, 336, 9.43%, 0, 0, 2, 773.28, 171332, 4688, 0, 0
224, 0, 8, 1255, 1253, 336, 9.43%, 0, 0, 2, 679.83, 174729, 4689, 0, 0
229, 0, 8, 1262, 1260, 336, 9.44%, 0, 0, 2, 706.49, 178292, 4692, 0, 0
234, 0, 8, 1267, 1265, 336, 9.44%, 0, 0, 2, 800.47, 182411, 4694, 0, 0
239, 0, 9, 1269, 1266, 413, 9.44%, 0, 0, 2, 117.70, 183611, 4694, 0, 0
244, 0, 9, 1269, 1266, 413, 9.44%, 0, 0, 2, 99.09, 184117, 4694, 0, 0
249, 0, 9, 1322, 1319, 413, 9.45%, 0, 0, 2, 158.31, 184980, 4696, 0, 0
254, 0, 9, 1332, 1329, 413, 9.45%, 0, 0, 2, 114.72, 185554, 4696, 0, 0
259, 0, 9, 1336, 1333, 413, 9.45%, 0, 0, 2, 83.54, 185938, 4696, 0, 0
264, 0, 9, 1343, 1340, 413, 9.45%, 0, 0, 2, 72.92, 186303, 4696, 0, 0
269, 0, 9, 1344, 1341, 413, 9.45%, 0, 0, 2, 69.12, 186645, 4697, 0, 0
275, 0, 9, 1349, 1346, 413, 9.45%, 0, 0, 2, 104.86, 187171, 4698, 0, 0
280, 0, 9, 1352, 1349, 413, 9.48%, 0, 0, 2, 97.20, 187674, 4711, 0, 0
285, 0, 9, 1355, 1352, 413, 9.48%, 0, 0, 2, 110.04, 188239, 4713, 0, 0
290, 0, 9, 1356, 1353, 413, 9.49%, 0, 0, 2, 109.50, 188816, 4715, 0, 0
295, 0, 9, 1359, 1356, 413, 9.50%, 0, 0, 2, 100.59, 189323, 4720, 0, 0
300, 0, 9, 1363, 1360, 413, 9.50%, 0, 0, 2, 121.10, 189969, 4721, 0, 0
305, 0, 9, 1365, 1362, 413, 9.50%, 0, 0, 2, 126.11, 190613, 4723, 0, 0
310, 0, 9, 1366, 1363, 413, 9.50%, 0, 0, 2, 120.81, 191222, 4724, 0, 0
315, 0, 9, 1369, 1366, 413, 9.51%, 0, 0, 2, 118.11, 191801, 4726, 0, 0
320, 0, 9, 1370, 1367, 413, 9.51%, 0, 0, 2, 111.21, 192356, 4728, 0, 0
325, 0, 9, 1373, 1370, 413, 9.52%, 0, 0, 2, 110.52, 192909, 4731, 0, 0
331, 0, 9, 1374, 1371, 413, 9.52%, 0, 0, 2, 109.97, 193454, 4733, 0, 0
336, 0, 9, 1375, 1372, 413, 9.53%, 0, 0, 2, 117.39, 194051, 4735, 0, 0
341, 0, 9, 1377, 1374, 413, 9.53%, 0, 0, 2, 128.94, 194709, 4738, 0, 0
346, 0, 9, 1381, 1378, 413, 9.56%, 0, 0, 2, 121.65, 195321, 4752, 0, 0
351, 0, 9, 1382, 1379, 413, 9.57%, 0, 0, 2, 125.03, 195940, 4757, 0, 0
356, 0, 9, 1383, 1380, 413, 9.58%, 0, 0, 2, 113.23, 196485, 4759, 0, 0
361, 0, 9, 1385, 1382, 413, 9.58%, 0, 0, 2, 114.37, 197049, 4760, 0, 0
366, 0, 9, 1387, 1384, 413, 9.58%, 0, 0, 2, 119.90, 197673, 4762, 0, 0
371, 0, 9, 1388, 1385, 413, 9.58%, 0, 0, 2, 112.44, 198248, 4763, 0, 0
377, 0, 9, 1390, 1387, 413, 9.58%, 0, 0, 2, 107.03, 198802, 4763, 0, 0
382, 0, 9, 1391, 1388, 413, 9.59%, 0, 0, 2, 106.97, 199357, 4765, 0, 0
387, 0, 9, 1392, 1389, 413, 9.59%, 0, 0, 2, 109.16, 199928, 4766, 0, 0
392, 0, 9, 1392, 1389, 413, 9.59%, 0, 0, 2, 98.35, 200411, 4766, 0, 0
397, 0, 9, 1393, 1390, 413, 9.59%, 0, 0, 2, 102.71, 200941, 4767, 0, 0
402, 0, 9, 1393, 1390, 413, 9.59%, 0, 0, 2, 107.99, 201501, 4767, 0, 0
407, 0, 9, 1393, 1390, 413, 9.59%, 0, 0, 2, 117.55, 202111, 4767, 0, 0
412, 0, 9, 1393, 1390, 413, 9.59%, 0, 0, 2, 115.00, 202703, 4767, 0, 0
417, 0, 9, 1393, 1390, 413, 9.59%, 0, 0, 2, 104.96, 203211, 4767, 0, 0
422, 0, 9, 1394, 1391, 413, 9.59%, 0, 0, 2, 115.08, 203784, 4768, 0, 0
427, 0, 9, 1396, 1393, 413, 9.60%, 0, 0, 2, 114.13, 204358, 4771, 0, 0
432, 0, 9, 1397, 1394, 413, 9.60%, 0, 0, 2, 111.78, 204913, 4772, 0, 0
437, 0, 9, 1397, 1394, 413, 9.60%, 0, 0, 2, 106.22, 205453, 4772, 0, 0
442, 0, 9, 1397, 1394, 413, 9.60%, 0, 0, 2, 96.07, 205875, 4772, 0, 0
447, 0, 9, 1398, 1395, 413, 9.60%, 0, 0, 2, 110.80, 206442, 4772, 0, 0
452, 0, 9, 1398, 1395, 413, 9.60%, 0, 0, 2, 114.93, 207012, 4772, 0, 0
457, 0, 9, 1398, 1395, 413, 9.60%, 0, 0, 2, 125.31, 207624, 4772, 0, 0
463, 0, 9, 1399, 1396, 413, 9.61%, 0, 0, 2, 118.82, 208203, 4774, 0, 0
468, 0, 9, 1400, 1397, 413, 9.61%, 0, 0, 2, 116.28, 208772, 4776, 0, 0
473, 0, 9, 1402, 1399, 413, 9.61%, 0, 0, 2, 103.50, 209284, 4777, 0, 0
478, 0, 9, 1406, 1403, 413, 9.61%, 0, 0, 2, 122.88, 209928, 4777, 0, 0
483, 0, 9, 1409, 1406, 413, 9.61%, 0, 0, 2, 110.72, 210463, 4778, 0, 0
488, 0, 9, 1410, 1407, 413, 9.61%, 0, 0, 2, 108.45, 211000, 4778, 0, 0
493, 0, 9, 1412, 1409, 413, 9.62%, 0, 0, 2, 117.62, 211572, 4780, 0, 0
498, 0, 9, 1414, 1411, 413, 9.62%, 0, 0, 2, 107.04, 212088, 4781, 0, 0
503, 0, 9, 1415, 1412, 413, 9.62%, 0, 0, 2, 105.52, 212617, 4781, 0, 0
508, 0, 9, 1415, 1412, 413, 9.62%, 0, 0, 2, 103.78, 213153, 4781, 0, 0
513, 0, 9, 1415, 1412, 413, 9.62%, 0, 0, 2, 97.75, 213648, 4781, 0, 0
519, 0, 9, 1415, 1412, 413, 9.62%, 0, 0, 2, 83.06, 214081, 4781, 0, 0
524, 0, 9, 1415, 1412, 413, 9.62%, 0, 0, 2, 88.47, 214541, 4781, 0, 0
529, 0, 9, 1416, 1413, 413, 9.62%, 0, 0, 2, 93.56, 214993, 4782, 0, 0
534, 0, 9, 1421, 1418, 413, 9.64%, 0, 0, 2, 90.06, 215430, 4789, 0, 0
539, 0, 9, 1421, 1418, 413, 9.64%, 0, 0, 2, 90.20, 215907, 4789, 0, 0
544, 0, 9, 1422, 1419, 413, 9.64%, 0, 0, 2, 86.67, 216363, 4790, 0, 0
549, 0, 9, 1422, 1419, 413, 9.64%, 0, 0, 2, 94.13, 216854, 4790, 0, 0
554, 0, 9, 1423, 1420, 413, 9.64%, 0, 0, 2, 94.28, 217329, 4791, 0, 0
560, 0, 9, 1423, 1420, 413, 9.64%, 0, 0, 2, 86.81, 217755, 4791, 0, 0
565, 0, 9, 1424, 1421, 413, 9.64%, 0, 0, 2, 86.58, 218190, 4791, 0, 0
570, 0, 9, 1425, 1422, 413, 9.64%, 0, 0, 2, 97.16, 218689, 4791, 0, 0
575, 0, 9, 1426, 1423, 413, 9.64%, 0, 0, 2, 81.47, 219103, 4792, 0, 0
580, 0, 9, 1426, 1423, 413, 9.64%, 0, 0, 2, 79.96, 219500, 4792, 0, 0
585, 0, 9, 1426, 1423, 413, 9.64%, 0, 0, 2, 83.02, 219948, 4792, 0, 0
590, 0, 9, 1426, 1423, 413, 9.64%, 0, 0, 2, 88.91, 220398, 4792, 0, 0
595, 0, 9, 1427, 1424, 413, 9.65%, 0, 0, 2, 96.10, 220904, 4794, 0, 0
601, 0, 9, 1427, 1424, 413, 9.65%, 0, 0, 2, 101.69, 221440, 4794, 0, 0
606, 0, 9, 1427, 1424, 413, 9.65%, 0, 0, 2, 97.33, 221919, 4794, 0, 0
611, 0, 9, 1427, 1424, 413, 9.65%, 0, 0, 2, 97.73, 222414, 4794, 0, 0
616, 0, 9, 1427, 1424, 413, 9.65%, 0, 0, 2, 90.11, 222896, 4794, 0, 0
621, 0, 9, 1427, 1424, 413, 9.65%, 0, 0, 2, 87.86, 223339, 4794, 0, 0
626, 0, 9, 1429, 1426, 413, 9.65%, 0, 0, 2, 75.09, 223716, 4796, 0, 0
632, 0, 9, 1429, 1426, 413, 9.65%, 0, 0, 2, 75.11, 224063, 4796, 0, 0
637, 0, 9, 1430, 1427, 413, 9.65%, 0, 0, 2, 88.67, 224526, 4797, 0, 0
642, 0, 9, 1430, 1427, 413, 9.65%, 0, 0, 2, 92.65, 225014, 4797, 0, 0
647, 0, 9, 1430, 1427, 413, 9.65%, 0, 0, 2, 93.75, 225502, 4797, 0, 0
652, 0, 9, 1432, 1429, 413, 9.65%, 0, 0, 2, 93.87, 225971, 4798, 0, 0
657, 0, 9, 1433, 1430, 413, 9.66%, 0, 0, 2, 87.33, 226409, 4799, 0, 0
662, 0, 9, 1433, 1430, 413, 9.66%, 0, 0, 2, 97.19, 226908, 4799, 0, 0
667, 0, 9, 1433, 1430, 413, 9.66%, 0, 0, 2, 97.89, 227407, 4799, 0, 0
672, 0, 9, 1434, 1431, 413, 9.66%, 0, 0, 2, 96.43, 227884, 4801, 0, 0
677, 0, 9, 1434, 1431, 413, 9.66%, 0, 0, 2, 106.25, 228438, 4801, 0, 0
683, 0, 9, 1436, 1433, 413, 9.66%, 0, 0, 2, 105.58, 228982, 4801, 0, 0
688, 0, 9, 1436, 1433, 413, 9.66%, 0, 0, 2, 98.00, 229495, 4801, 0, 0
693, 0, 9, 1436, 1433, 413, 9.66%, 0, 0, 2, 102.88, 230028, 4801, 0, 0
698, 0, 9, 1436, 1433, 413, 9.66%, 0, 0, 2, 94.33, 230499, 4801, 0, 0
703, 0, 9, 1436, 1433, 413, 9.66%, 0, 0, 2, 99.98, 231014, 4801, 0, 0
708, 0, 9, 1436, 1433, 413, 9.66%, 0, 0, 2, 89.72, 231474, 4801, 0, 0
713, 0, 9, 1436, 1433, 413, 9.66%, 0, 0, 2, 92.34, 231956, 4801, 0, 0
719, 0, 9, 1436, 1433, 413, 9.66%, 0, 0, 2, 95.52, 232448, 4801, 0, 0
724, 0, 9, 1436, 1433, 413, 9.66%, 0, 0, 2, 95.51, 232932, 4801, 0, 0
729, 0, 9, 1436, 1433, 413, 9.66%, 0, 0, 2, 92.32, 233407, 4801, 0, 0
734, 0, 9, 1436, 1433, 413, 9.66%, 0, 0, 2, 84.79, 233807, 4801, 0, 0
739, 0, 9, 1436, 1433, 413, 9.66%, 0, 0, 2, 80.98, 234191, 4801, 0, 0
744, 0, 9, 1436, 1433, 413, 9.66%, 0, 0, 2, 91.84, 234681, 4801, 0, 0
749, 0, 9, 1436, 1433, 413, 9.66%, 0, 0, 2, 96.17, 235165, 4801, 0, 0
754, 0, 9, 1437, 1434, 413, 9.66%, 0, 0, 2, 107.00, 235721, 4802, 0, 0
759, 0, 9, 1437, 1434, 413, 9.66%, 0, 0, 2, 97.75, 236202, 4802, 0, 0
765, 0, 9, 1437, 1434, 413, 9.66%, 0, 0, 2, 88.60, 236662, 4802, 0, 0
770, 0, 9, 1437, 1434, 413, 9.66%, 0, 0, 2, 78.87, 237061, 4802, 0, 0
775, 0, 9, 1437, 1434, 413, 9.66%, 0, 0, 2, 87.44, 237523, 4802, 0, 0
780, 0, 9, 1437, 1434, 413, 9.66%, 0, 0, 2, 86.81, 237970, 4802, 0, 0
785, 0, 9, 1438, 1435, 413, 9.66%, 0, 0, 2, 90.64, 238450, 4803, 0, 0
790, 0, 9, 1438, 1435, 413, 9.66%, 0, 0, 2, 85.48, 238882, 4803, 0, 0
795, 0, 9, 1439, 1436, 413, 9.67%, 0, 0, 2, 93.98, 239362, 4804, 0, 0
801, 0, 9, 1440, 1437, 413, 9.67%, 0, 0, 2, 99.66, 239884, 4805, 0, 0
806, 0, 9, 1440, 1437, 413, 9.67%, 0, 0, 2, 95.82, 240381, 4805, 0, 0
811, 0, 9, 1440, 1437, 413, 9.67%, 0, 0, 2, 96.47, 240893, 4805, 0, 0
816, 0, 9, 1440, 1437, 413, 9.67%, 0, 0, 2, 98.88, 241401, 4805, 0, 0
821, 0, 9, 1440, 1437, 413, 9.67%, 0, 0, 2, 100.71, 241906, 4805, 0, 0
826, 0, 9, 1440, 1437, 413, 9.67%, 0, 0, 2, 98.60, 242415, 4805, 0, 0
831, 0, 9, 1440, 1437, 413, 9.67%, 0, 0, 2, 99.69, 242918, 4805, 0, 0
836, 0, 9, 1440, 1437, 413, 9.67%, 0, 0, 2, 103.38, 243452, 4805, 0, 0
842, 0, 9, 1440, 1437, 413, 9.67%, 0, 0, 2, 99.14, 243950, 4805, 0, 0
847, 0, 9, 1441, 1438, 413, 9.67%, 0, 0, 2, 92.45, 244440, 4806, 0, 0
852, 0, 9, 1441, 1438, 413, 9.67%, 0, 0, 2, 84.37, 244801, 4806, 0, 0
857, 0, 9, 1442, 1439, 413, 9.67%, 0, 0, 2, 82.51, 245210, 4806, 0, 0
862, 0, 9, 1444, 1441, 413, 9.67%, 0, 0, 2, 92.20, 245654, 4807, 0, 0
867, 0, 9, 1446, 1443, 413, 9.67%, 0, 0, 2, 88.10, 246066, 4807, 0, 0
872, 0, 9, 1448, 1445, 413, 9.68%, 0, 0, 2, 100.20, 246572, 4809, 0, 0
877, 0, 9, 1451, 1448, 413, 9.68%, 0, 0, 2, 130.90, 247271, 4810, 0, 0
882, 0, 9, 1455, 1452, 413, 9.68%, 0, 0, 2, 80.66, 247632, 4813, 0, 0
887, 0, 9, 1456, 1453, 413, 9.68%, 0, 0, 2, 76.63, 247992, 4813, 0, 0
892, 0, 9, 1456, 1453, 413, 9.68%, 0, 0, 2, 78.45, 248394, 4813, 0, 0
898, 0, 9, 1457, 1454, 413, 9.69%, 0, 0, 2, 75.05, 248793, 4817, 0, 0
903, 0, 9, 1457, 1454, 413, 9.69%, 0, 0, 2, 69.09, 249127, 4817, 0, 0
908, 0, 9, 1457, 1454, 413, 9.69%, 0, 0, 2, 71.17, 249513, 4817, 0, 0
913, 0, 9, 1457, 1454, 413, 9.69%, 0, 0, 2, 82.53, 249930, 4817, 0, 0
918, 0, 9, 1457, 1454, 413, 9.69%, 0, 0, 2, 124.78, 250589, 4817, 0, 0
923, 0, 9, 1459, 1456, 413, 9.69%, 0, 0, 2, 90.97, 251028, 4817, 0, 0
928, 0, 9, 1459, 1456, 413, 9.69%, 0, 0, 2, 73.34, 251395, 4817, 0, 0
934, 0, 9, 1459, 1456, 413, 9.69%, 0, 0, 2, 73.47, 251802, 4817, 0, 0
939, 0, 9, 1459, 1456, 413, 9.69%, 0, 0, 2, 68.69, 252146, 4817, 0, 0
944, 0, 9, 1459, 1456, 413, 9.69%, 0, 0, 2, 87.92, 252589, 4817, 0, 0
949, 0, 9, 1462, 1459, 413, 9.70%, 0, 0, 2, 134.71, 253307, 4820, 0, 0
954, 0, 9, 1462, 1459, 413, 9.70%, 0, 0, 2, 138.81, 254041, 4820, 0, 0
959, 0, 9, 1462, 1459, 413, 9.70%, 0, 0, 2, 153.36, 254822, 4820, 0, 0
965, 0, 9, 1462, 1459, 413, 9.70%, 0, 0, 2, 120.27, 255403, 4820, 0, 0
970, 0, 9, 1462, 1459, 413, 9.70%, 0, 0, 2, 139.62, 256150, 4820, 0, 0
975, 0, 9, 1462, 1459, 413, 9.70%, 0, 0, 2, 155.12, 256944, 4820, 0, 0
980, 0, 9, 1462, 1459, 413, 9.70%, 0, 0, 2, 135.79, 257628, 4820, 0, 0
985, 0, 9, 1462, 1459, 413, 9.70%, 0, 0, 2, 159.32, 258445, 4820, 0, 0
990, 0, 9, 1462, 1459, 413, 9.70%, 0, 0, 2, 133.17, 259122, 4820, 0, 0
995, 0, 9, 1462, 1459, 413, 9.70%, 0, 0, 2, 115.08, 259686, 4820, 0, 0
1000, 0, 9, 1463, 1460, 413, 9.70%, 0, 0, 2, 112.52, 260257, 4820, 0, 0
1005, 0, 9, 1465, 1462, 413, 9.70%, 0, 0, 2, 99.16, 260743, 4821, 0, 0
1010, 0, 9, 1467, 1464, 413, 9.70%, 0, 0, 2, 98.44, 261236, 4821, 0, 0
1015, 0, 9, 1472, 1469, 413, 9.70%, 0, 0, 2, 98.64, 261730, 4822, 0, 0
1020, 0, 9, 1474, 1471, 413, 9.70%, 0, 0, 2, 102.66, 262260, 4823, 0, 0
1026, 0, 9, 1478, 1475, 413, 9.71%, 0, 0, 2, 99.90, 262764, 4825, 0, 0
1031, 0, 9, 1480, 1477, 413, 9.71%, 0, 0, 2, 85.53, 263212, 4825, 0, 0
1036, 0, 9, 1481, 1478, 413, 9.71%, 0, 0, 2, 97.66, 263742, 4825, 0, 0
1041, 0, 9, 1483, 1480, 413, 9.71%, 0, 0, 2, 103.46, 264271, 4828, 0, 0
1046, 0, 9, 1483, 1480, 413, 9.71%, 0, 0, 2, 104.77, 264795, 4828, 0, 0
1051, 0, 9, 1486, 1483, 413, 9.71%, 0, 0, 2, 102.61, 265308, 4828, 0, 0
1056, 0, 9, 1486, 1483, 413, 9.71%, 0, 0, 2, 97.89, 265808, 4828, 0, 0
1061, 0, 9, 1486, 1483, 413, 9.71%, 0, 0, 2, 99.75, 266312, 4828, 0, 0
1067, 0, 9, 1488, 1485, 413, 9.72%, 0, 0, 2, 100.08, 266820, 4830, 0, 0
1072, 0, 9, 1489, 1486, 413, 9.72%, 0, 0, 2, 99.46, 267341, 4830, 0, 0
1077, 0, 9, 1490, 1487, 413, 9.72%, 0, 0, 2, 95.16, 267816, 4830, 0, 0
1082, 0, 9, 1491, 1488, 413, 9.72%, 0, 0, 2, 96.23, 268312, 4830, 0, 0
1087, 0, 9, 1493, 1490, 413, 9.72%, 0, 0, 2, 93.62, 268788, 4830, 0, 0
1092, 0, 9, 1495, 1492, 413, 9.72%, 0, 0, 2, 94.83, 269279, 4830, 0, 0
1097, 0, 9, 1496, 1493, 413, 9.72%, 0, 0, 2, 98.35, 269792, 4830, 0, 0
1102, 0, 9, 1496, 1493, 413, 9.72%, 0, 0, 2, 101.23, 270318, 4830, 0, 0
1107, 0, 9, 1498, 1495, 413, 9.72%, 0, 0, 2, 103.52, 270846, 4830, 0, 0
1112, 0, 9, 1499, 1496, 413, 9.72%, 0, 0, 2, 100.49, 271349, 4830, 0, 0
1117, 0, 9, 1501, 1498, 413, 9.72%, 0, 0, 2, 100.34, 271853, 4830, 0, 0
1123, 0, 9, 1502, 1499, 413, 9.72%, 0, 0, 2, 100.23, 272367, 4830, 0, 0
1128, 0, 9, 1502, 1499, 413, 9.72%, 0, 0, 2, 103.96, 272908, 4830, 0, 0
1133, 0, 9, 1503, 1500, 413, 9.72%, 0, 0, 2, 103.36, 273413, 4830, 0, 0
1138, 0, 9, 1503, 1500, 413, 9.72%, 0, 0, 2, 109.49, 273965, 4830, 0, 0
1143, 0, 9, 1504, 1501, 413, 9.72%, 0, 0, 2, 104.71, 274486, 4830, 0, 0
1148, 0, 9, 1505, 1502, 413, 9.72%, 0, 0, 2, 102.31, 275019, 4831, 0, 0
1153, 0, 9, 1506, 1503, 413, 9.72%, 0, 0, 2, 85.26, 275434, 4831, 0, 0
1158, 0, 9, 1507, 1504, 413, 9.72%, 0, 0, 2, 86.24, 275877, 4831, 0, 0
1163, 0, 9, 1509, 1506, 413, 9.72%, 0, 0, 2, 89.59, 276332, 4831, 0, 0
1168, 0, 9, 1509, 1506, 413, 9.72%, 0, 0, 2, 97.95, 276863, 4831, 0, 0
1174, 0, 9, 1511, 1508, 413, 9.72%, 0, 0, 2, 95.73, 277363, 4831, 0, 0
1179, 0, 9, 1511, 1508, 413, 9.72%, 0, 0, 2, 105.31, 277907, 4831, 0, 0
1184, 0, 9, 1511, 1508, 413, 9.72%, 0, 0, 2, 92.10, 278368, 4831, 0, 0
1189, 0, 9, 1513, 1510, 413, 9.72%, 0, 0, 2, 89.07, 278806, 4831, 0, 0
1194, 0, 9, 1513, 1510, 413, 9.72%, 0, 0, 2, 79.82, 279222, 4831, 0, 0
1199, 0, 9, 1513, 1510, 413, 9.72%, 0, 0, 2, 62.79, 279492, 4831, 0, 0
1205, 0, 9, 1514, 1511, 413, 9.72%, 0, 0, 2, 80.54, 279927, 4831, 0, 0
1210, 0, 9, 1514, 1511, 413, 9.72%, 0, 0, 2, 84.83, 280377, 4831, 0, 0
1215, 0, 9, 1514, 1511, 413, 9.72%, 0, 0, 2, 79.49, 280759, 4831, 0, 0
1220, 0, 9, 1515, 1512, 413, 9.72%, 0, 0, 2, 85.46, 281218, 4831, 0, 0
1225, 0, 9, 1519, 1516, 413, 9.73%, 0, 0, 2, 88.45, 281674, 4834, 0, 0
1230, 0, 9, 1520, 1517, 413, 9.73%, 0, 0, 2, 88.88, 282140, 4835, 0, 0
1235, 0, 9, 1520, 1517, 413, 9.73%, 0, 0, 2, 86.88, 282590, 4835, 0, 0
1241, 0, 9, 1520, 1517, 413, 9.73%, 0, 0, 2, 93.10, 283078, 4835, 0, 0
1246, 0, 9, 1521, 1518, 413, 9.73%, 0, 0, 2, 84.77, 283494, 4835, 0, 0
1251, 0, 9, 1522, 1519, 413, 9.73%, 0, 0, 2, 88.72, 283954, 4835, 0, 0
1256, 0, 9, 1522, 1519, 413, 9.73%, 0, 0, 2, 90.77, 284424, 4835, 0, 0
1261, 0, 9, 1523, 1520, 413, 9.73%, 0, 0, 2, 86.00, 284861, 4835, 0, 0
1266, 0, 9, 1524, 1521, 413, 9.73%, 0, 0, 2, 90.39, 285332, 4835, 0, 0
1271, 0, 9, 1524, 1521, 413, 9.73%, 0, 0, 2, 90.82, 285813, 4835, 0, 0
1276, 0, 9, 1524, 1521, 413, 9.73%, 0, 0, 2, 88.05, 286263, 4835, 0, 0
1282, 0, 9, 1525, 1522, 413, 9.73%, 0, 0, 2, 81.12, 286688, 4835, 0, 0
1287, 0, 9, 1526, 1523, 413, 9.73%, 0, 0, 2, 77.22, 287064, 4835, 0, 0
1292, 0, 9, 1527, 1524, 413, 9.73%, 0, 0, 2, 85.89, 287525, 4835, 0, 0
1297, 0, 9, 1527, 1524, 413, 9.73%, 0, 0, 2, 82.93, 287953, 4835, 0, 0
1302, 0, 9, 1527, 1524, 413, 9.73%, 0, 0, 2, 95.21, 288439, 4835, 0, 0
1307, 0, 9, 1528, 1525, 413, 9.73%, 0, 0, 2, 92.34, 288895, 4835, 0, 0
1312, 0, 9, 1529, 1526, 413, 9.73%, 0, 0, 2, 89.80, 289365, 4836, 0, 0
1317, 0, 9, 1530, 1527, 413, 9.73%, 0, 0, 2, 79.44, 289773, 4836, 0, 0
1322, 0, 9, 1533, 1530, 413, 9.73%, 0, 0, 2, 83.61, 290202, 4837, 0, 0
1328, 0, 9, 1533, 1530, 413, 9.73%, 0, 0, 2, 85.24, 290638, 4837, 0, 0
1333, 0, 9, 1534, 1531, 413, 9.73%, 0, 0, 2, 69.34, 291026, 4838, 0, 0
1338, 0, 9, 1534, 1531, 413, 9.73%, 0, 0, 2, 84.96, 291483, 4838, 0, 0
1343, 0, 9, 1534, 1531, 413, 9.73%, 0, 0, 2, 90.11, 291947, 4838, 0, 0
1348, 0, 9, 1534, 1531, 413, 9.73%, 0, 0, 2, 91.46, 292420, 4838, 0, 0
1353, 0, 9, 1535, 1532, 413, 9.73%, 0, 0, 2, 88.39, 292865, 4838, 0, 0
1359, 0, 9, 1536, 1533, 413, 9.74%, 0, 0, 2, 96.57, 293368, 4839, 0, 0
1364, 0, 9, 1536, 1533, 413, 9.74%, 0, 0, 2, 83.89, 293800, 4839, 0, 0
1369, 0, 9, 1537, 1534, 413, 9.74%, 0, 0, 2, 88.08, 294241, 4839, 0, 0
1374, 0, 9, 1537, 1534, 413, 9.74%, 0, 0, 2, 91.34, 294711, 4839, 0, 0
1379, 0, 9, 1537, 1534, 413, 9.74%, 0, 0, 2, 94.83, 295215, 4839, 0, 0
1384, 0, 9, 1538, 1535, 413, 9.74%, 0, 0, 2, 94.56, 295703, 4840, 0, 0
1389, 0, 9, 1538, 1535, 413, 9.74%, 0, 0, 2, 87.63, 296132, 4840, 0, 0
1394, 0, 9, 1538, 1535, 413, 9.74%, 0, 0, 2, 79.72, 296543, 4840, 0, 0
1400, 0, 9, 1539, 1536, 413, 9.74%, 0, 0, 2, 91.70, 297027, 4840, 0, 0
1405, 0, 9, 1539, 1536, 413, 9.74%, 0, 0, 2, 91.44, 297486, 4840, 0, 0
1410, 0, 9, 1539, 1536, 413, 9.74%, 0, 0, 2, 83.93, 297936, 4840, 0, 0
1415, 0, 9, 1541, 1538, 413, 9.74%, 0, 0, 2, 95.94, 298434, 4840, 0, 0
1420, 0, 9, 1541, 1538, 413, 9.74%, 0, 0, 2, 104.15, 298979, 4840, 0, 0
1425, 0, 9, 1541, 1538, 413, 9.74%, 0, 0, 2, 94.66, 299452, 4840, 0, 0
1430, 0, 9, 1541, 1538, 413, 9.74%, 0, 0, 2, 93.93, 299916, 4840, 0, 0
1436, 0, 9, 1541, 1538, 413, 9.74%, 0, 0, 2, 86.98, 300353, 4840, 0, 0
1441, 0, 9, 1541, 1538, 413, 9.74%, 0, 0, 2, 98.59, 300864, 4840, 0, 0
1446, 0, 9, 1542, 1539, 413, 9.74%, 0, 0, 2, 93.03, 301343, 4840, 0, 0
1451, 0, 9, 1543, 1540, 413, 9.74%, 0, 0, 2, 102.50, 301857, 4840, 0, 0
1456, 0, 9, 1544, 1541, 413, 9.74%, 0, 0, 2, 98.91, 302347, 4840, 0, 0
1461, 0, 9, 1544, 1541, 413, 9.74%, 0, 0, 2, 91.70, 302808, 4840, 0, 0
1466, 0, 9, 1544, 1541, 413, 9.74%, 0, 0, 2, 99.69, 303294, 4840, 0, 0
1471, 0, 9, 1544, 1541, 413, 9.74%, 0, 0, 2, 106.26, 303830, 4840, 0, 0
1477, 0, 9, 1544, 1541, 413, 9.74%, 0, 0, 2, 99.05, 304324, 4840, 0, 0
1482, 0, 9, 1544, 1541, 413, 9.74%, 0, 0, 2, 88.98, 304767, 4840, 0, 0
1487, 0, 9, 1544, 1541, 413, 9.74%, 0, 0, 2, 90.47, 305239, 4840, 0, 0
1492, 0, 9, 1544, 1541, 413, 9.74%, 0, 0, 2, 90.15, 305679, 4840, 0, 0
1497, 0, 9, 1545, 1542, 413, 9.74%, 0, 0, 2, 89.07, 306154, 4841, 0, 0
1502, 0, 9, 1545, 1542, 413, 9.74%, 0, 0, 2, 93.61, 306637, 4841, 0, 0
1507, 0, 9, 1546, 1543, 413, 9.74%, 0, 0, 2, 101.41, 307166, 4842, 0, 0
1512, 0, 9, 1546, 1543, 413, 9.74%, 0, 0, 2, 91.74, 307627, 4842, 0, 0
1518, 0, 9, 1546, 1543, 413, 9.74%, 0, 0, 2, 83.32, 308029, 4842, 0, 0
1523, 0, 9, 1546, 1543, 413, 9.74%, 0, 0, 2, 88.99, 308465, 4842, 0, 0
1528, 0, 9, 1546, 1543, 413, 9.74%, 0, 0, 2, 99.14, 308982, 4842, 0, 0
1533, 0, 9, 1546, 1543, 413, 9.74%, 0, 0, 2, 99.54, 309496, 4842, 0, 0
1538, 0, 9, 1546, 1543, 413, 9.74%, 0, 0, 2, 94.83, 309979, 4842, 0, 0
1543, 0, 9, 1546, 1543, 413, 9.74%, 0, 0, 2, 95.66, 310470, 4842, 0, 0
1548, 0, 9, 1546, 1543, 413, 9.74%, 0, 0, 2, 90.93, 310928, 4842, 0, 0
1554, 0, 9, 1546, 1543, 413, 9.74%, 0, 0, 2, 86.12, 311374, 4842, 0, 0
1559, 0, 9, 1547, 1544, 413, 9.74%, 0, 0, 2, 90.12, 311839, 4842, 0, 0
1564, 0, 11, 1621, 1617, 483, 9.89%, 0, 0, 2, 646.28, 315241, 4917, 0, 0
1569, 0, 11, 1640, 1636, 483, 9.93%, 0, 0, 2, 688.32, 318771, 4935, 0, 0
1574, 0, 11, 1663, 1659, 483, 9.96%, 0, 0, 2, 551.13, 321580, 4951, 0, 0
1579, 0, 11, 1680, 1676, 483, 9.99%, 0, 0, 2, 626.51, 325015, 4967, 0, 0
1584, 0, 11, 1681, 1677, 483, 9.99%, 0, 0, 2, 755.61, 328802, 4967, 0, 0
1589, 0, 11, 1718, 1714, 483, 10.00%, 0, 0, 2, 749.00, 332524, 4970, 0, 0
1594, 0, 11, 1728, 1724, 483, 10.00%, 0, 0, 2, 828.41, 336832, 4971, 0, 0
1599, 0, 11, 1735, 1731, 483, 10.00%, 0, 0, 2, 817.39, 340913, 4972, 0, 0
1604, 0, 11, 1741, 1737, 483, 10.01%, 0, 0, 2, 797.03, 344825, 4975, 0, 0
1609, 0, 11, 1742, 1738, 483, 10.01%, 0, 0, 2, 713.49, 348358, 4975, 0, 0
1614, 0, 11, 1745, 1741, 483, 10.01%, 0, 0, 2, 725.89, 351935, 4976, 0, 0
1619, 0, 11, 1751, 1747, 483, 10.01%, 0, 0, 2, 764.26, 355725, 4976, 0, 0
1624, 0, 11, 1753, 1749, 483, 10.01%, 0, 0, 2, 756.12, 359399, 4976, 0, 0
1629, 0, 11, 1754, 1750, 483, 10.01%, 0, 0, 2, 788.18, 363366, 4977, 0, 0
1634, 0, 11, 1758, 1754, 483, 10.01%, 0, 0, 2, 696.46, 366936, 4977, 0, 0
1640, 0, 11, 1759, 1755, 483, 10.01%, 0, 0, 2, 731.76, 370625, 4977, 0, 0
1645, 0, 11, 1762, 1758, 483, 10.02%, 0, 0, 2, 719.73, 374314, 4978, 0, 0
1650, 0, 11, 1763, 1759, 483, 10.02%, 0, 0, 2, 765.73, 378219, 4978, 0, 0
1655, 0, 14, 1769, 1764, 561, 10.02%, 0, 0, 2, 702.33, 381710, 4979, 0, 0
1660, 0, 14, 1776, 1771, 561, 10.02%, 0, 0, 2, 727.17, 385348, 4981, 0, 0
1665, 0, 14, 1785, 1780, 561, 10.03%, 0, 0, 2, 704.91, 388953, 4983, 0, 0
1670, 0, 14, 1790, 1785, 561, 10.03%, 0, 0, 2, 780.59, 392886, 4983, 0, 0
1675, 0, 17, 1806, 1800, 558, 10.05%, 0, 0, 2, 778.64, 396895, 4996, 0, 0
1680, 0, 17, 1823, 1817, 558, 10.07%, 0, 0, 2, 853.31, 401250, 5003, 0, 0
1685, 0, 17, 1824, 1818, 558, 10.07%, 0, 0, 2, 820.11, 405369, 5003, 0, 0
1690, 0, 17, 1828, 1822, 558, 10.08%, 0, 0, 2, 745.03, 409117, 5008, 0, 0
1695, 0, 17, 1834, 1828, 558, 10.08%, 0, 0, 2, 791.89, 413171, 5009, 0, 0
1701, 0, 17, 1839, 1833, 558, 10.08%, 0, 0, 2, 758.56, 417001, 5010, 0, 0
1706, 0, 17, 1845, 1839, 558, 10.08%, 0, 0, 2, 645.19, 420172, 5010, 0, 0
1711, 0, 17, 1848, 1842, 558, 10.08%, 0, 0, 2, 781.96, 424414, 5010, 0, 0
1716, 0, 17, 1852, 1846, 558, 10.09%, 0, 0, 2, 800.22, 428402, 5014, 0, 0
1721, 0, 17, 1853, 1847, 558, 10.09%, 0, 0, 2, 782.06, 432354, 5014, 0, 0
1726, 0, 17, 1854, 1848, 558, 10.09%, 0, 0, 2, 816.07, 436427, 5015, 0, 0
1731, 0, 17, 1856, 1850, 558, 10.09%, 0, 0, 2, 789.50, 440340, 5016, 0, 0
1736, 0, 17, 1859, 1853, 558, 10.09%, 0, 0, 2, 726.23, 444051, 5016, 0, 0
1741, 0, 17, 1863, 1857, 558, 10.09%, 0, 0, 2, 755.27, 447679, 5017, 0, 0
1746, 0, 20, 1910, 1903, 575, 10.11%, 0, 0, 2, 819.25, 451937, 5024, 0, 0
1751, 0, 20, 1922, 1915, 575, 10.11%, 0, 0, 2, 839.57, 456229, 5026, 0, 0
1756, 0, 20, 1926, 1919, 575, 10.11%, 0, 0, 2, 836.79, 460465, 5027, 0, 0
1761, 0, 29, 1966, 1957, 585, 10.16%, 0, 0, 2, 777.21, 464168, 5048, 0, 0
1766, 0, 29, 1982, 1973, 585, 10.17%, 0, 0, 2, 638.14, 467340, 5053, 0, 0
1771, 0, 29, 1992, 1983, 585, 10.17%, 0, 0, 2, 704.92, 471108, 5054, 0, 0
1776, 0, 29, 1996, 1987, 585, 10.17%, 0, 0, 2, 723.72, 474594, 5054, 0, 0
1782, 0, 29, 2001, 1992, 585, 10.17%, 0, 0, 2, 783.69, 478663, 5057, 0, 0
1787, 0, 29, 2003, 1994, 585, 10.17%, 0, 0, 2, 847.79, 483003, 5057, 0, 0
1792, 0, 29, 2005, 1996, 585, 10.18%, 0, 0, 2, 829.00, 487145, 5058, 0, 0
1797, 0, 29, 2012, 2003, 585, 10.18%, 0, 0, 2, 829.05, 491210, 5059, 0, 0
1802, 0, 29, 2014, 2005, 585, 10.18%, 0, 0, 2, 823.76, 495432, 5059, 0, 0
1807, 0, 29, 2019, 2010, 585, 10.18%, 0, 0, 2, 775.50, 499399, 5062, 0, 0
1812, 0, 29, 2023, 2014, 585, 10.18%, 0, 0, 2, 747.46, 503217, 5062, 0, 0
1817, 0, 29, 2025, 2016, 585, 10.18%, 0, 0, 2, 720.29, 506773, 5062, 0, 0
1822, 0, 29, 2028, 2019, 585, 10.19%, 0, 0, 2, 731.78, 510420, 5063, 0, 0
1827, 0, 29, 2030, 2021, 585, 10.19%, 0, 0, 2, 708.58, 514046, 5063, 0, 0
1832, 0, 32, 2071, 2060, 590, 10.23%, 0, 0, 2, 71.52, 516520, 5086, 0, 0
1837, 0, 32, 2184, 2173, 590, 10.29%, 0, 0, 2, 117.35, 517742, 5114, 0, 0
1843, 0, 32, 2335, 2324, 590, 10.41%, 0, 0, 2, 30.19, 519151, 5176, 0, 0
1848, 0, 32, 2674, 2663, 590, 10.62%, 0, 0, 2, 508.15, 521914, 5277, 0, 0
1853, 0, 1678, 2706, 2692, 674, 10.64%, 0, 0, 2, 781.48, 526023, 5289, 0, 0
1858, 0, 1461, 2706, 2689, 671, 10.64%, 0, 0, 2, 143.34, 527974, 5289, 0, 0
1863, 0, 2226, 2706, 2688, 670, 10.64%, 0, 0, 2, 154.43, 528780, 5289, 0, 0
1868, 0, 2226, 2708, 2690, 670, 10.65%, 0, 0, 2, 155.76, 529638, 5292, 0, 0
1873, 0, 1680, 2709, 2689, 667, 10.65%, 0, 0, 2, 289.17, 530932, 5292, 0, 0
1878, 0, 53, 2709, 2687, 665, 10.65%, 0, 0, 2, 357.92, 532742, 5292, 0, 0
1883, 0, 2700, 2709, 2686, 664, 10.65%, 0, 0, 2, 122.89, 533536, 5292, 0, 0
1888, 0, 2700, 2709, 2686, 664, 10.65%, 0, 0, 2, 137.68, 534306, 5292, 0, 0
1893, 0, 2700, 2709, 2686, 664, 10.65%, 0, 0, 2, 123.16, 534828, 5292, 0, 0
1899, 0, 2700, 2710, 2687, 664, 10.65%, 0, 0, 2, 88.03, 535249, 5292, 0, 0
1904, 0, 2700, 2711, 2688, 664, 10.65%, 0, 0, 2, 80.54, 535646, 5292, 0, 0
1909, 0, 2700, 2711, 2688, 664, 10.65%, 0, 0, 2, 118.29, 536312, 5292, 0, 0
1914, 0, 2700, 2712, 2689, 664, 10.65%, 0, 0, 2, 101.57, 536794, 5293, 0, 0
1919, 0, 2700, 2713, 2690, 664, 10.65%, 0, 0, 2, 144.43, 537566, 5294, 0, 0
1924, 0, 2700, 2714, 2691, 664, 10.65%, 0, 0, 2, 140.35, 538275, 5294, 0, 0
1929, 0, 2700, 2714, 2691, 664, 10.65%, 0, 0, 2, 119.46, 538869, 5294, 0, 0
1934, 0, 2700, 2714, 2691, 664, 10.65%, 0, 0, 2, 118.46, 539479, 5294, 0, 0
1939, 0, 2700, 2714, 2691, 664, 10.65%, 0, 0, 2, 181.06, 540376, 5294, 0, 0
1944, 0, 2700, 2714, 2691, 664, 10.65%, 0, 0, 2, 177.90, 541258, 5294, 0, 0
1949, 0, 2700, 2714, 2691, 664, 10.65%, 0, 0, 2, 126.09, 541893, 5294, 0, 0
1954, 0, 2700, 2714, 2691, 664, 10.65%, 0, 0, 2, 58.91, 542232, 5294, 0, 0
1960, 0, 2700, 2714, 2691, 664, 10.65%, 0, 0, 2, 70.87, 542602, 5294, 0, 0
1965, 0, 2700, 2714, 2691, 664, 10.65%, 0, 0, 2, 75.80, 542995, 5294, 0, 0
1970, 0, 2700, 2714, 2691, 664, 10.65%, 0, 0, 2, 73.78, 543368, 5294, 0, 0
1975, 0, 2700, 2714, 2691, 664, 10.65%, 0, 0, 2, 107.26, 543915, 5294, 0, 0
1980, 0, 2700, 2714, 2691, 664, 10.65%, 0, 0, 2, 135.49, 544623, 5294, 0, 0
1985, 0, 2700, 2714, 2691, 664, 10.65%, 0, 0, 2, 122.58, 545211, 5294, 0, 0
1990, 0, 2700, 2714, 2691, 664, 10.65%, 0, 0, 2, 221.29, 546459, 5294, 0, 0
1995, 0, 2700, 2714, 2691, 664, 10.65%, 0, 0, 2, 258.82, 547837, 5294, 0, 0
2000, 0, 2700, 2714, 2691, 664, 10.65%, 0, 0, 2, 276.97, 549237, 5294, 0, 0
2005, 0, 2700, 2714, 2691, 664, 10.65%, 0, 0, 2, 277.15, 550702, 5294, 0, 0
2011, 0, 2700, 2714, 2691, 664, 10.65%, 0, 0, 2, 225.09, 551863, 5294, 0, 0
2016, 0, 2700, 2714, 2691, 664, 10.65%, 0, 0, 2, 248.19, 553142, 5294, 0, 0
2021, 0, 2700, 2714, 2691, 664, 10.65%, 0, 0, 2, 259.64, 554467, 5294, 0, 0
2026, 0, 2700, 2714, 2691, 664, 10.65%, 0, 0, 2, 262.77, 555817, 5294, 0, 0
2031, 0, 2700, 2714, 2691, 664, 10.65%, 0, 0, 2, 254.19, 557102, 5294, 0, 0
2036, 0, 2700, 2714, 2691, 664, 10.65%, 0, 0, 2, 269.95, 558472, 5294, 0, 0
2041, 0, 2700, 2714, 2691, 664, 10.65%, 0, 0, 2, 265.53, 559852, 5294, 0, 0
2046, 0, 2700, 2714, 2691, 664, 10.65%, 0, 0, 2, 269.38, 561227, 5294, 0, 0
2052, 0, 2700, 2714, 2691, 664, 10.65%, 0, 0, 2, 262.80, 562552, 5294, 0, 0
2057, 0, 2700, 2714, 2691, 664, 10.65%, 0, 0, 2, 224.16, 563699, 5294, 0, 0
2062, 0, 2700, 2714, 2691, 664, 10.65%, 0, 0, 2, 205.51, 564743, 5294, 0, 0
2067, 0, 2700, 2714, 2691, 664, 10.65%, 0, 0, 2, 203.93, 565763, 5294, 0, 0
2072, 0, 2700, 2714, 2691, 664, 10.65%, 0, 0, 2, 168.17, 566580, 5294, 0, 0
2077, 0, 2700, 2714, 2691, 664, 10.65%, 0, 0, 2, 236.25, 567895, 5294, 0, 0
2082, 0, 2700, 2714, 2691, 664, 10.65%, 0, 0, 2, 223.80, 569015, 5294, 0, 0
2088, 0, 2700, 2714, 2691, 664, 10.65%, 0, 0, 2, 220.45, 570163, 5294, 0, 0
2093, 0, 2700, 2714, 2691, 664, 10.65%, 0, 0, 2, 212.03, 571215, 5294, 0, 0
2098, 0, 2700, 2714, 2691, 664, 10.65%, 0, 0, 2, 213.12, 572303, 5294, 0, 0
2103, 0, 2700, 2714, 2691, 664, 10.65%, 0, 0, 2, 219.00, 573443, 5294, 0, 0
2108, 0, 2700, 2714, 2691, 664, 10.65%, 0, 0, 2, 215.89, 574523, 5294, 0, 0
2113, 0, 2700, 2714, 2691, 664, 10.65%, 0, 0, 2, 187.93, 575472, 5294, 0, 0
2118, 0, 2700, 2715, 2692, 664, 10.65%, 0, 0, 2, 216.92, 576478, 5294, 0, 0
2123, 0, 2700, 2715, 2692, 664, 10.65%, 0, 0, 2, 240.11, 577734, 5294, 0, 0
2128, 0, 2700, 2715, 2692, 664, 10.65%, 0, 0, 2, 252.38, 579059, 5294, 0, 0
2133, 0, 2700, 2715, 2692, 664, 10.65%, 0, 0, 2, 217.53, 580086, 5294, 0, 0
2139, 0, 2700, 2715, 2692, 664, 10.65%, 0, 0, 2, 230.25, 581270, 5294, 0, 0
2144, 0, 2700, 2715, 2692, 664, 10.65%, 0, 0, 2, 236.53, 582502, 5294, 0, 0
2149, 0, 2700, 2715, 2692, 664, 10.65%, 0, 0, 2, 236.21, 583678, 5294, 0, 0
2154, 0, 2700, 2715, 2692, 664, 10.65%, 0, 0, 2, 231.94, 584842, 5294, 0, 0
2159, 0, 2700, 2715, 2692, 664, 10.65%, 0, 0, 2, 235.83, 586062, 5294, 0, 0
2164, 0, 2700, 2715, 2692, 664, 10.65%, 0, 0, 2, 225.40, 587178, 5294, 0, 0
2169, 0, 2700, 2717, 2694, 664, 10.66%, 0, 0, 2, 235.54, 588416, 5296, 0, 0
2174, 0, 2700, 2717, 2694, 664, 10.66%, 0, 0, 2, 243.87, 589716, 5296, 0, 0
2180, 0, 2700, 2717, 2694, 664, 10.66%, 0, 0, 2, 231.78, 590892, 5296, 0, 0
2185, 0, 2700, 2718, 2695, 664, 10.66%, 0, 0, 2, 221.90, 591995, 5297, 0, 0
2190, 0, 2700, 2726, 2703, 664, 10.67%, 0, 0, 2, 220.02, 593138, 5301, 0, 0
2195, 0, 60, 2727, 2702, 672, 10.67%, 0, 0, 2, 328.95, 594674, 5301, 0, 0
2200, 0, 1542, 2727, 2697, 667, 10.67%, 0, 0, 2, 276.40, 596446, 5301, 0, 0
2205, 0, 1542, 2727, 2697, 667, 10.67%, 0, 0, 2, 172.95, 597172, 5301, 0, 0
2210, 0, 1542, 2727, 2697, 667, 10.67%, 0, 0, 2, 115.39, 597692, 5301, 0, 0
2215, 0, 2307, 2728, 2695, 664, 10.67%, 0, 0, 3, 531.37, 600610, 5301, 0, 0
2220, 0, 2307, 2730, 2697, 664, 10.67%, 0, 0, 3, 46.56, 602483, 5301, 0, 0
2226, 0, 2307, 2733, 2700, 664, 10.67%, 0, 0, 3, 682.43, 604672, 5302, 0, 0
2231, 0, 2307, 2737, 2704, 664, 10.67%, 0, 0, 3, 677.19, 607238, 5303, 0, 0
2236, 0, 2307, 2739, 2706, 664, 10.67%, 0, 0, 3, 667.93, 610659, 5304, 0, 0
2241, 0, 2307, 2740, 2707, 664, 10.67%, 0, 0, 3, 719.18, 614365, 5304, 0, 0
2246, 0, 2307, 2740, 2707, 664, 10.67%, 0, 0, 3, 660.15, 617596, 5304, 0, 0
2251, 0, 2307, 2742, 2709, 664, 10.67%, 0, 0, 3, 607.98, 620758, 5304, 0, 0
2256, 0, 2307, 2744, 2711, 664, 10.67%, 0, 0, 3, 605.05, 623664, 5304, 0, 0
2262, 0, 2307, 2745, 2712, 664, 10.67%, 0, 0, 3, 538.93, 626239, 5304, 0, 0
2267, 0, 2307, 2745, 2712, 664, 10.67%, 0, 0, 3, 625.30, 629457, 5304, 0, 0
2272, 0, 2307, 2745, 2712, 664, 10.67%, 0, 0, 3, 662.12, 632871, 5304, 0, 0
2277, 0, 2307, 2745, 2712, 664, 10.67%, 0, 0, 3, 656.72, 636187, 5304, 0, 0
2282, 0, 2307, 2747, 2714, 664, 10.67%, 0, 0, 3, 605.52, 639253, 5304, 0, 0
2287, 0, 2307, 2747, 2714, 664, 10.67%, 0, 0, 3, 646.84, 642567, 5304, 0, 0
2292, 0, 2307, 2747, 2714, 664, 10.67%, 0, 0, 3, 649.52, 645888, 5304, 0, 0
2297, 0, 2307, 2748, 2715, 664, 10.67%, 0, 0, 3, 676.07, 649379, 5304, 0, 0
2303, 0, 2307, 2749, 2716, 664, 10.67%, 0, 0, 3, 626.29, 652182, 5304, 0, 0
2308, 0, 257, 2760, 2725, 664, 10.67%, 0, 0, 3, 740.15, 656002, 5305, 0, 0
2313, 0, 257, 2764, 2729, 664, 10.68%, 0, 0, 3, 628.90, 659255, 5306, 0, 0
2318, 0, 257, 2764, 2729, 664, 10.68%, 0, 0, 3, 751.26, 662995, 5306, 0, 0
2323, 0, 257, 2764, 2729, 664, 10.68%, 0, 0, 3, 769.59, 667040, 5306, 0, 0
2328, 0, 2715, 2764, 2726, 663, 10.68%, 0, 0, 3, 355.13, 668510, 5306, 0, 0
2333, 0, 1528, 2764, 2724, 661, 10.68%, 0, 0, 3, 283.87, 669720, 5306, 0, 0
2338, 0, 1528, 2764, 2724, 661, 10.68%, 0, 0, 3, 155.95, 670336, 5306, 0, 0
2343, 0, 1528, 2765, 2725, 661, 10.68%, 0, 0, 3, 106.06, 670804, 5306, 0, 0
2348, 0, 1374, 2765, 2724, 660, 10.68%, 0, 0, 3, 107.28, 671370, 5306, 0, 0
2354, 0, 1374, 2765, 2724, 660, 10.68%, 0, 0, 3, 86.52, 671798, 5306, 0, 0
2359, 0, 80, 2767, 2725, 660, 10.68%, 0, 0, 3, 130.03, 672358, 5306, 0, 0
2364, 0, 80, 2802, 2760, 660, 10.68%, 0, 0, 3, 322.99, 674217, 5307, 0, 0
2369, 0, 80, 2803, 2761, 660, 10.68%, 0, 0, 3, 333.16, 676012, 5307, 0, 0
2374, 0, 80, 2808, 2766, 660, 10.68%, 0, 0, 3, 273.58, 677404, 5307, 0, 0
2379, 0, 80, 2810, 2768, 660, 10.68%, 0, 0, 3, 186.14, 678290, 5307, 0, 0
2384, 0, 80, 2812, 2770, 660, 10.68%, 0, 0, 3, 225.38, 679457, 5307, 0, 0
2389, 0, 80, 2812, 2770, 660, 10.68%, 0, 0, 3, 176.57, 680274, 5307, 0, 0
2395, 0, 80, 2815, 2773, 660, 10.68%, 0, 0, 3, 432.46, 682827, 5307, 0, 0
2400, 0, 80, 2825, 2783, 660, 10.68%, 0, 0, 3, 557.85, 685823, 5307, 0, 0
2405, 0, 80, 2829, 2787, 660, 10.68%, 0, 0, 3, 604.61, 688843, 5307, 0, 0
2410, 0, 80, 2833, 2791, 660, 10.68%, 0, 0, 3, 539.67, 691557, 5307, 0, 0
2415, 0, 80, 2836, 2794, 660, 10.68%, 0, 0, 3, 493.18, 693968, 5307, 0, 0
2420, 0, 80, 2837, 2795, 660, 10.68%, 0, 0, 3, 518.53, 696735, 5307, 0, 0
2425, 0, 80, 2840, 2798, 660, 10.68%, 0, 0, 3, 517.61, 699336, 5309, 0, 0
2430, 0, 80, 2842, 2800, 660, 10.68%, 0, 0, 3, 514.54, 701870, 5309, 0, 0
2435, 0, 80, 2842, 2800, 660, 10.68%, 0, 0, 3, 542.47, 704670, 5309, 0, 0
2440, 0, 80, 2843, 2801, 660, 10.68%, 0, 0, 3, 552.90, 707531, 5309, 0, 0
2445, 0, 80, 2844, 2802, 660, 10.68%, 0, 0, 3, 628.21, 710902, 5309, 0, 0
2450, 0, 80, 2845, 2803, 660, 10.68%, 0, 0, 3, 644.44, 714221, 5309, 0, 0
2456, 0, 80, 2845, 2803, 660, 10.68%, 0, 0, 3, 639.85, 717425, 5309, 0, 0
2461, 0, 80, 2846, 2804, 660, 10.68%, 0, 0, 3, 621.65, 720552, 5309, 0, 0
2466, 0, 93, 2852, 2806, 660, 10.68%, 0, 0, 3, 753.16, 724574, 5309, 0, 0
2471, 0, 93, 2853, 2807, 660, 10.68%, 0, 0, 3, 728.55, 728347, 5309, 0, 0
2476, 0, 97, 2858, 2811, 657, 10.69%, 0, 0, 3, 798.97, 732639, 5312, 0, 0
2481, 0, 97, 2859, 2812, 657, 10.69%, 0, 0, 3, 797.27, 736620, 5312, 0, 0
2486, 0, 98, 2880, 2832, 659, 10.69%, 0, 0, 3, 795.20, 740787, 5315, 0, 0
2491, 0, 98, 2886, 2838, 659, 10.70%, 0, 0, 3, 638.50, 744093, 5316, 0, 0
2496, 0, 98, 2890, 2842, 659, 10.70%, 0, 0, 3, 746.48, 747769, 5316, 0, 0
2501, 0, 2405, 2894, 2844, 661, 10.71%, 0, 0, 3, 816.14, 751984, 5322, 0, 0
2506, 0, 106, 2907, 2853, 658, 10.71%, 0, 0, 3, 815.98, 756214, 5323, 0, 0
2512, 0, 106, 2908, 2854, 658, 10.71%, 0, 0, 3, 759.42, 760083, 5323, 0, 0
2517, 0, 106, 2911, 2857, 658, 10.71%, 0, 0, 3, 760.13, 763899, 5323, 0, 0
2522, 0, 106, 2911, 2857, 658, 10.71%, 0, 0, 3, 779.73, 767964, 5323, 0, 0
2527, 0, 317, 2934, 2878, 656, 10.74%, 0, 0, 3, 821.63, 772281, 5337, 0, 0
2532, 0, 317, 2939, 2883, 656, 10.74%, 0, 0, 3, 707.64, 775790, 5338, 0, 0
2537, 0, 317, 2941, 2885, 656, 10.74%, 0, 0, 3, 796.90, 780057, 5338, 0, 0
2542, 0, 2783, 2943, 2885, 662, 10.74%, 0, 0, 3, 563.65, 782974, 5338, 0, 0
2548, 0, 2697, 2943, 2884, 661, 10.74%, 0, 0, 3, 325.38, 784301, 5338, 0, 0
2553, 0, 115, 2943, 2882, 659, 10.74%, 0, 0, 3, 320.27, 785591, 5338, 0, 0
2558, 0, 115, 2975, 2914, 659, 10.74%, 0, 0, 3, 682.28, 789509, 5338, 0, 0
2563, 0, 115, 2979, 2918, 659, 10.74%, 0, 0, 3, 757.97, 793399, 5338, 0, 0
2568, 0, 115, 2984, 2923, 659, 10.74%, 0, 0, 3, 757.39, 797184, 5338, 0, 0
2573, 0, 117, 2996, 2932, 654, 10.75%, 0, 0, 3, 773.74, 801059, 5345, 0, 0
2578, 0, 117, 3000, 2936, 654, 10.77%, 0, 0, 3, 832.22, 805369, 5352, 0, 0
2583, 0, 117, 3004, 2940, 654, 10.77%, 0, 0, 3, 809.56, 809429, 5352, 0, 0
2588, 0, 120, 3006, 2940, 656, 10.77%, 0, 0, 3, 126.97, 812964, 5352, 0, 0
2593, 0, 120, 3006, 2940, 656, 10.77%, 0, 0, 3, 127.21, 813600, 5352, 0, 0
2598, 0, 120, 3006, 2940, 656, 10.77%, 0, 0, 3, 128.30, 814254, 5352, 0, 0
2603, 0, 120, 3014, 2948, 656, 10.77%, 0, 0, 3, 120.38, 814872, 5353, 0, 0
2609, 0, 120, 3023, 2957, 656, 10.77%, 0, 0, 3, 114.84, 815479, 5353, 0, 0
2614, 0, 120, 3029, 2963, 656, 10.77%, 0, 0, 3, 102.54, 815949, 5353, 0, 0
2619, 0, 120, 3029, 2963, 656, 10.77%, 0, 0, 3, 103.76, 816485, 5353, 0, 0
2624, 0, 120, 3034, 2968, 656, 10.77%, 0, 0, 3, 117.85, 817031, 5354, 0, 0
2629, 0, 120, 3038, 2972, 656, 10.77%, 0, 0, 3, 126.38, 817687, 5354, 0, 0
2634, 0, 120, 3038, 2972, 656, 10.77%, 0, 0, 3, 100.59, 818211, 5354, 0, 0
2639, 0, 120, 3038, 2972, 656, 10.77%, 0, 0, 3, 79.59, 818596, 5354, 0, 0
2644, 0, 120, 3038, 2972, 656, 10.77%, 0, 0, 3, 77.66, 818999, 5354, 0, 0
2649, 0, 120, 3038, 2972, 656, 10.77%, 0, 0, 3, 91.38, 819466, 5354, 0, 0
2655, 0, 120, 3038, 2972, 656, 10.77%, 0, 0, 3, 92.97, 819928, 5354, 0, 0
2660, 0, 120, 3038, 2972, 656, 10.77%, 0, 0, 3, 83.26, 820356, 5354, 0, 0
2665, 0, 120, 3038, 2972, 656, 10.77%, 0, 0, 3, 103.77, 820933, 5354, 0, 0
2670, 0, 120, 3038, 2972, 656, 10.77%, 0, 0, 3, 82.22, 821355, 5354, 0, 0
2675, 0, 120, 3038, 2972, 656, 10.77%, 0, 0, 3, 76.18, 821708, 5354, 0, 0
2680, 0, 120, 3038, 2972, 656, 10.77%, 0, 0, 3, 80.46, 822129, 5354, 0, 0
2685, 0, 120, 3038, 2972, 656, 10.77%, 0, 0, 3, 86.71, 822559, 5354, 0, 0
2691, 0, 120, 3038, 2972, 656, 10.77%, 0, 0, 3, 93.26, 823004, 5354, 0, 0
2696, 0, 120, 3038, 2972, 656, 10.77%, 0, 0, 3, 89.54, 823485, 5354, 0, 0
2701, 0, 120, 3038, 2972, 656, 10.77%, 0, 0, 3, 115.89, 824081, 5354, 0, 0
2706, 0, 120, 3038, 2972, 656, 10.77%, 0, 0, 3, 104.86, 824603, 5354, 0, 0
2711, 0, 120, 3038, 2972, 656, 10.77%, 0, 0, 3, 81.95, 824991, 5354, 0, 0
2716, 0, 120, 3038, 2972, 656, 10.77%, 0, 0, 3, 79.93, 825403, 5354, 0, 0
2721, 0, 120, 3038, 2972, 656, 10.77%, 0, 0, 3, 80.27, 825808, 5354, 0, 0
2726, 0, 120, 3038, 2972, 656, 10.77%, 0, 0, 3, 71.95, 826154, 5354, 0, 0
2732, 0, 120, 3038, 2972, 656, 10.77%, 0, 0, 3, 66.60, 826504, 5354, 0, 0
2737, 0, 120, 3038, 2972, 656, 10.77%, 0, 0, 3, 87.67, 826978, 5354, 0, 0
2742, 0, 120, 3038, 2972, 656, 10.77%, 0, 0, 3, 110.36, 827541, 5354, 0, 0
2747, 0, 120, 3039, 2973, 656, 10.77%, 0, 0, 3, 100.22, 828010, 5354, 0, 0
2752, 0, 120, 3039, 2973, 656, 10.77%, 0, 0, 3, 111.95, 828552, 5354, 0, 0
2757, 0, 120, 3039, 2973, 656, 10.77%, 0, 0, 3, 97.97, 829045, 5354, 0, 0
2762, 0, 120, 3039, 2973, 656, 10.77%, 0, 0, 3, 103.99, 829570, 5354, 0, 0
2767, 0, 120, 3039, 2973, 656, 10.77%, 0, 0, 3, 103.24, 830104, 5354, 0, 0
2772, 0, 120, 3039, 2973, 656, 10.77%, 0, 0, 3, 95.16, 830607, 5354, 0, 0
2778, 0, 120, 3039, 2973, 656, 10.77%, 0, 0, 3, 83.98, 831012, 5354, 0, 0
2783, 0, 120, 3039, 2973, 656, 10.77%, 0, 0, 3, 80.46, 831425, 5354, 0, 0
2788, 0, 120, 3039, 2973, 656, 10.77%, 0, 0, 3, 84.42, 831860, 5354, 0, 0
2793, 0, 120, 3039, 2973, 656, 10.77%, 0, 0, 3, 76.61, 832250, 5354, 0, 0
2798, 0, 120, 3039, 2973, 656, 10.77%, 0, 0, 3, 78.35, 832661, 5354, 0, 0
2803, 0, 120, 3039, 2973, 656, 10.77%, 0, 0, 3, 74.13, 833032, 5354, 0, 0
2808, 0, 120, 3039, 2973, 656, 10.77%, 0, 0, 3, 91.58, 833493, 5354, 0, 0
2814, 0, 120, 3039, 2973, 656, 10.77%, 0, 0, 3, 78.55, 833898, 5354, 0, 0
2819, 0, 120, 3039, 2973, 656, 10.77%, 0, 0, 3, 76.74, 834291, 5354, 0, 0
2824, 0, 120, 3039, 2973, 656, 10.77%, 0, 0, 3, 73.67, 834647, 5354, 0, 0
2829, 0, 120, 3039, 2973, 656, 10.77%, 0, 0, 3, 79.06, 835073, 5354, 0, 0
2834, 0, 120, 3039, 2973, 656, 10.77%, 0, 0, 3, 74.58, 835400, 5354, 0, 0
2839, 0, 120, 3039, 2973, 656, 10.77%, 0, 0, 3, 90.86, 835891, 5354, 0, 0
2844, 0, 120, 3039, 2973, 656, 10.77%, 0, 0, 3, 88.90, 836350, 5354, 0, 0
2850, 0, 120, 3039, 2973, 656, 10.77%, 0, 0, 3, 100.25, 836862, 5354, 0, 0
2855, 0, 120, 3039, 2973, 656, 10.77%, 0, 0, 3, 92.63, 837331, 5354, 0, 0
2860, 0, 120, 3039, 2973, 656, 10.77%, 0, 0, 3, 86.74, 837773, 5354, 0, 0
2865, 0, 120, 3039, 2973, 656, 10.77%, 0, 0, 3, 76.51, 838143, 5354, 0, 0
2870, 0, 120, 3039, 2973, 656, 10.77%, 0, 0, 3, 83.11, 838573, 5354, 0, 0
2875, 0, 120, 3039, 2973, 656, 10.77%, 0, 0, 3, 79.54, 838985, 5354, 0, 0
2880, 0, 120, 3039, 2973, 656, 10.77%, 0, 0, 3, 86.79, 839441, 5354, 0, 0
2886, 0, 120, 3039, 2973, 656, 10.77%, 0, 0, 3, 80.95, 839839, 5354, 0, 0
2891, 0, 120, 3039, 2973, 656, 10.77%, 0, 0, 3, 92.45, 840328, 5354, 0, 0
2896, 0, 120, 3039, 2973, 656, 10.77%, 0, 0, 3, 94.42, 840814, 5354, 0, 0
2901, 0, 120, 3039, 2973, 656, 10.77%, 0, 0, 3, 96.17, 841319, 5354, 0, 0
2906, 0, 120, 3039, 2973, 656, 10.77%, 0, 0, 3, 100.75, 841833, 5354, 0, 0
2911, 0, 120, 3039, 2973, 656, 10.77%, 0, 0, 3, 103.45, 842356, 5354, 0, 0
2916, 0, 120, 3039, 2973, 656, 10.77%, 0, 0, 3, 115.11, 842924, 5354, 0, 0
2921, 0, 120, 3039, 2973, 656, 10.77%, 0, 0, 3, 109.93, 843484, 5354, 0, 0
2926, 0, 120, 3039, 2973, 656, 10.77%, 0, 0, 3, 102.42, 843970, 5354, 0, 0
2931, 0, 120, 3039, 2973, 656, 10.77%, 0, 0, 3, 94.75, 844423, 5354, 0, 0
2936, 0, 120, 3039, 2973, 656, 10.77%, 0, 0, 3, 96.38, 844917, 5354, 0, 0
2942, 0, 120, 3039, 2973, 656, 10.77%, 0, 0, 3, 101.19, 845430, 5354, 0, 0
2947, 0, 120, 3039, 2973, 656, 10.77%, 0, 0, 3, 85.17, 845852, 5354, 0, 0
2952, 0, 120, 3039, 2973, 656, 10.77%, 0, 0, 3, 86.87, 846293, 5354, 0, 0
2957, 0, 120, 3039, 2973, 656, 10.77%, 0, 0, 3, 85.30, 846744, 5354, 0, 0
2962, 0, 120, 3039, 2973, 656, 10.77%, 0, 0, 3, 103.03, 847284, 5354, 0, 0
2967, 0, 120, 3039, 2973, 656, 10.77%, 0, 0, 3, 111.68, 847822, 5354, 0, 0
2972, 0, 120, 3039, 2973, 656, 10.77%, 0, 0, 3, 116.39, 848420, 5354, 0, 0
2977, 0, 120, 3039, 2973, 656, 10.77%, 0, 0, 3, 103.42, 848948, 5354, 0, 0
2982, 0, 120, 3039, 2973, 656, 10.77%, 0, 0, 3, 91.86, 849394, 5354, 0, 0
2987, 0, 120, 3039, 2973, 656, 10.77%, 0, 0, 3, 94.44, 849898, 5354, 0, 0
2992, 0, 120, 3039, 2973, 656, 10.77%, 0, 0, 3, 91.28, 850375, 5354, 0, 0
2997, 0, 120, 3039, 2973, 656, 10.77%, 0, 0, 3, 92.24, 850854, 5354, 0, 0
3003, 0, 120, 3039, 2973, 656, 10.77%, 0, 0, 3, 91.90, 851332, 5354, 0, 0
3008, 0, 120, 3039, 2973, 656, 10.77%, 0, 0, 3, 96.05, 851837, 5354, 0, 0
3013, 0, 120, 3039, 2973, 656, 10.77%, 0, 0, 3, 106.63, 852360, 5354, 0, 0
3018, 0, 120, 3039, 2973, 656, 10.77%, 0, 0, 3, 104.43, 852928, 5354, 0, 0
3023, 0, 120, 3039, 2973, 656, 10.77%, 0, 0, 3, 105.94, 853448, 5354, 0, 0
3028, 0, 120, 3039, 2973, 656, 10.77%, 0, 0, 3, 98.45, 853943, 5354, 0, 0
3033, 0, 120, 3039, 2973, 656, 10.77%, 0, 0, 3, 97.56, 854431, 5354, 0, 0
3038, 0, 120, 3039, 2973, 656, 10.77%, 0, 0, 3, 84.62, 854840, 5354, 0, 0
3044, 0, 120, 3039, 2973, 656, 10.77%, 0, 0, 3, 81.86, 855229, 5354, 0, 0
3049, 0, 120, 3039, 2973, 656, 10.77%, 0, 0, 3, 92.61, 855694, 5354, 0, 0
3054, 0, 120, 3039, 2973, 656, 10.77%, 0, 0, 3, 92.48, 856146, 5354, 0, 0
3059, 0, 120, 3039, 2973, 656, 10.77%, 0, 0, 3, 100.17, 856653, 5354, 0, 0
3064, 0, 120, 3039, 2973, 656, 10.77%, 0, 0, 3, 99.85, 857154, 5354, 0, 0
3069, 0, 120, 3039, 2973, 656, 10.77%, 0, 0, 3, 87.25, 857594, 5354, 0, 0
3074, 0, 120, 3039, 2973, 656, 10.77%, 0, 0, 3, 93.47, 858061, 5354, 0, 0
3080, 0, 120, 3039, 2973, 656, 10.77%, 0, 0, 3, 98.29, 858582, 5354, 0, 0
3085, 0, 120, 3039, 2973, 656, 10.77%, 0, 0, 3, 93.40, 859065, 5354, 0, 0
3090, 0, 120, 3039, 2973, 656, 10.77%, 0, 0, 3, 104.42, 859594, 5354, 0, 0
3095, 0, 120, 3039, 2973, 656, 10.77%, 0, 0, 3, 99.42, 860102, 5354, 0, 0
3100, 0, 120, 3039, 2973, 656, 10.77%, 0, 0, 3, 97.81, 860597, 5354, 0, 0
3105, 0, 120, 3039, 2973, 656, 10.77%, 0, 0, 3, 96.05, 861088, 5354, 0, 0
3110, 0, 120, 3039, 2973, 656, 10.77%, 0, 0, 3, 88.46, 861535, 5354, 0, 0
3115, 0, 120, 3040, 2974, 656, 10.77%, 0, 0, 3, 90.35, 862012, 5354, 0, 0
3121, 0, 120, 3040, 2974, 656, 10.77%, 0, 0, 3, 81.17, 862409, 5354, 0, 0
3126, 0, 120, 3040, 2974, 656, 10.77%, 0, 0, 3, 80.48, 862827, 5354, 0, 0
3131, 0, 120, 3040, 2974, 656, 10.77%, 0, 0, 3, 79.24, 863242, 5354, 0, 0
3136, 0, 120, 3040, 2974, 656, 10.77%, 0, 0, 3, 78.00, 863635, 5354, 0, 0
3141, 0, 120, 3040, 2974, 656, 10.77%, 0, 0, 3, 82.14, 864068, 5354, 0, 0
3146, 0, 120, 3040, 2974, 656, 10.77%, 0, 0, 3, 86.37, 864515, 5354, 0, 0
3152, 0, 120, 3040, 2974, 656, 10.77%, 0, 0, 3, 108.34, 865073, 5354, 0, 0
3157, 0, 120, 3040, 2974, 656, 10.77%, 0, 0, 3, 94.61, 865545, 5354, 0, 0
3162, 0, 120, 3040, 2974, 656, 10.77%, 0, 0, 3, 90.52, 865994, 5354, 0, 0
3167, 0, 120, 3040, 2974, 656, 10.77%, 0, 0, 3, 94.62, 866488, 5354, 0, 0
3172, 0, 120, 3040, 2974, 656, 10.77%, 0, 0, 3, 100.38, 866993, 5354, 0, 0
3177, 0, 120, 3040, 2974, 656, 10.77%, 0, 0, 3, 102.88, 867510, 5354, 0, 0
3182, 0, 120, 3040, 2974, 656, 10.77%, 0, 0, 3, 103.02, 868018, 5354, 0, 0
3187, 0, 120, 3040, 2974, 656, 10.77%, 0, 0, 3, 106.44, 868554, 5354, 0, 0
3193, 0, 120, 3041, 2975, 656, 10.77%, 0, 0, 3, 106.18, 869097, 5354, 0, 0
3198, 0, 120, 3041, 2975, 656, 10.77%, 0, 0, 3, 107.04, 869647, 5354, 0, 0
3203, 0, 120, 3041, 2975, 656, 10.77%, 0, 0, 3, 103.55, 870161, 5354, 0, 0
3208, 0, 120, 3041, 2975, 656, 10.77%, 0, 0, 3, 146.15, 870970, 5354, 0, 0
3213, 0, 125, 3047, 2978, 656, 10.77%, 0, 0, 3, 482.28, 873393, 5354, 0, 0
3218, 0, 125, 3050, 2981, 656, 10.78%, 0, 0, 3, 787.98, 877857, 5358, 0, 0
3223, 0, 125, 3050, 2981, 656, 10.78%, 0, 0, 3, 825.59, 882049, 5358, 0, 0
3229, 0, 127, 3059, 2989, 654, 10.78%, 0, 0, 3, 827.76, 886295, 5358, 0, 0
3234, 0, 127, 3063, 2993, 654, 10.78%, 0, 0, 3, 835.50, 890467, 5358, 0, 0
3239, 0, 130, 3067, 2995, 653, 10.78%, 0, 0, 3, 630.86, 893579, 5358, 0, 0
3244, 0, 132, 3182, 3108, 651, 10.82%, 0, 0, 3, 656.31, 895418, 5380, 0, 0
3249, 0, 132, 3374, 3300, 651, 10.88%, 0, 0, 3, 468.53, 897069, 5407, 0, 0
3254, 0, 142, 3592, 3515, 685, 10.96%, 0, 0, 3, 745.13, 899679, 5446, 0, 0
3259, 0, 2578, 3599, 3514, 678, 10.96%, 0, 0, 3, 638.81, 902915, 5449, 0, 0
3264, 0, 2578, 3602, 3517, 678, 10.97%, 0, 0, 3, 664.42, 906232, 5451, 0, 0
3269, 0, 2578, 3603, 3518, 678, 10.97%, 0, 0, 3, 678.91, 909723, 5451, 0, 0
3274, 0, 2578, 3605, 3520, 678, 10.97%, 0, 0, 3, 620.13, 912785, 5451, 0, 0
3279, 0, 2025, 3609, 3519, 680, 10.97%, 0, 0, 3, 643.46, 915974, 5452, 0, 0
3285, 0, 1422, 3611, 3518, 678, 10.97%, 0, 0, 3, 362.32, 917845, 5452, 0, 0
3290, 0, 1422, 3611, 3518, 678, 10.97%, 0, 0, 3, 99.68, 918382, 5452, 0, 0
3295, 0, 2374, 3611, 3515, 674, 10.97%, 0, 0, 3, 631.70, 919648, 5452, 0, 0
3300, 0, 3565, 3613, 3511, 668, 10.97%, 0, 0, 3, 723.72, 923310, 5453, 0, 0
3305, 0, 1725, 3613, 3508, 665, 10.97%, 0, 0, 3, 724.11, 926965, 5453, 0, 0
3310, 0, 1417, 3613, 3501, 658, 10.97%, 0, 0, 3, 111.92, 929879, 5453, 0, 0
3315, 0, 1417, 3613, 3501, 658, 10.97%, 0, 0, 3, 109.58, 930409, 5453, 0, 0
3320, 0, 3405, 3613, 3500, 657, 10.97%, 0, 0, 3, 452.43, 931008, 5453, 0, 0
3325, 0, 3405, 3620, 3507, 657, 10.97%, 0, 0, 3, 518.85, 933552, 5454, 0, 0
3330, 0, 3405, 3620, 3507, 657, 10.97%, 0, 0, 3, 534.18, 936312, 5454, 0, 0
3335, 0, 3405, 3626, 3513, 657, 10.97%, 0, 0, 3, 560.19, 939216, 5454, 0, 0
3340, 0, 3405, 3626, 3513, 657, 10.97%, 0, 0, 3, 516.26, 941806, 5454, 0, 0
3345, 0, 3405, 3627, 3514, 657, 10.97%, 0, 0, 3, 538.72, 944493, 5454, 0, 0
3350, 0, 3405, 3631, 3518, 657, 10.97%, 0, 0, 3, 552.94, 947358, 5454, 0, 0
3356, 0, 3405, 3631, 3518, 657, 10.97%, 0, 0, 3, 564.03, 950306, 5454, 0, 0
3361, 0, 3405, 3633, 3520, 657, 10.97%, 0, 0, 3, 546.63, 953155, 5454, 0, 0
3366, 0, 3405, 3634, 3521, 657, 10.97%, 0, 0, 3, 591.27, 956289, 5454, 0, 0
3371, 0, 3405, 3634, 3521, 657, 10.97%, 0, 0, 3, 575.10, 959193, 5454, 0, 0
3376, 0, 3405, 3635, 3522, 657, 10.98%, 0, 0, 3, 582.53, 962082, 5455, 0, 0
3381, 0, 3405, 3636, 3523, 657, 10.98%, 0, 0, 3, 609.97, 965176, 5455, 0, 0
3386, 0, 3405, 3636, 3523, 657, 10.98%, 0, 0, 3, 595.67, 968150, 5455, 0, 0
3391, 0, 3405, 3638, 3525, 657, 10.98%, 0, 0, 3, 593.65, 971145, 5456, 0, 0
3396, 0, 3405, 3639, 3526, 657, 10.98%, 0, 0, 3, 575.37, 974012, 5456, 0, 0
3401, 0, 3405, 3640, 3527, 657, 10.98%, 0, 0, 3, 591.72, 977110, 5456, 0, 0
3406, 0, 3405, 3640, 3527, 657, 10.98%, 0, 0, 3, 597.00, 980245, 5456, 0, 0
3411, 0, 3405, 3640, 3527, 657, 10.98%, 0, 0, 3, 499.29, 982804, 5456, 0, 0
3416, 0, 3405, 3640, 3527, 657, 10.98%, 0, 0, 3, 579.45, 985723, 5456, 0, 0
3422, 0, 3405, 3640, 3527, 657, 10.98%, 0, 0, 3, 585.95, 988825, 5456, 0, 0
3427, 0, 256, 3641, 3521, 655, 10.98%, 0, 0, 3, 432.78, 990826, 5456, 0, 0
3432, 0, 3263, 3641, 3518, 652, 10.98%, 0, 0, 3, 237.56, 992011, 5456, 0, 0
3437, 0, 3263, 3641, 3518, 652, 10.98%, 0, 0, 3, 135.28, 992547, 5456, 0, 0
3442, 0, 3263, 3641, 3518, 652, 10.98%, 0, 0, 3, 94.40, 993009, 5456, 0, 0
3447, 0, 3263, 3641, 3518, 652, 10.98%, 0, 0, 3, 76.45, 993362, 5456, 0, 0
3452, 0, 1631, 3641, 3516, 650, 10.98%, 0, 0, 3, 188.03, 994348, 5456, 0, 0
3458, 0, 1631, 3641, 3516, 650, 10.98%, 0, 0, 3, 225.75, 995642, 5456, 0, 0
3463, 0, 1667, 3641, 3514, 648, 10.98%, 0, 0, 3, 264.31, 996886, 5456, 0, 0
3468, 0, 1803, 3641, 3511, 645, 10.98%, 0, 0, 3, 216.97, 997985, 5456, 0, 0
3473, 0, 1642, 3641, 3510, 644, 10.98%, 0, 0, 3, 209.12, 999009, 5456, 0, 0
3478, 0, 1656, 3641, 3508, 642, 10.98%, 0, 0, 3, 222.90, 1000095, 5456, 0, 0
3483, 0, 2765, 3641, 3507, 641, 10.98%, 0, 0, 3, 151.77, 1000861, 5456, 0, 0
3488, 0, 2765, 3641, 3507, 641, 10.98%, 0, 0, 3, 98.28, 1001301, 5456, 0, 0
3493, 0, 2765, 3641, 3507, 641, 10.98%, 0, 0, 3, 100.85, 1001791, 5456, 0, 0
3498, 0, 2765, 3641, 3507, 641, 10.98%, 0, 0, 3, 87.35, 1002266, 5456, 0, 0
3503, 0, 2543, 3641, 3505, 639, 10.98%, 0, 0, 3, 332.09, 1003951, 5456, 0, 0
3509, 0, 2543, 3641, 3505, 639, 10.98%, 0, 0, 3, 493.09, 1006951, 5456, 0, 0
3514, 0, 273, 3641, 3504, 638, 10.98%, 0, 0, 3, 510.51, 1009563, 5456, 0, 0
3519, 0, 3351, 3645, 3501, 631, 10.98%, 0, 0, 3, 657.57, 1013095, 5456, 0, 0
3524, 0, 3161, 3655, 3507, 628, 10.98%, 0, 0, 3, 683.37, 1016597, 5456, 0, 0
3529, 0, 3161, 3658, 3510, 628, 10.98%, 0, 0, 3, 681.84, 1020024, 5457, 0, 0
3534, 0, 3161, 3660, 3512, 628, 10.98%, 0, 0, 3, 684.27, 1023444, 5457, 0, 0
3539, 0, 298, 3669, 3520, 628, 10.98%, 0, 0, 3, 495.63, 1025854, 5457, 0, 0
3544, 0, 298, 3671, 3522, 628, 10.98%, 0, 0, 3, 446.83, 1028045, 5458, 0, 0
3549, 0, 298, 3674, 3525, 628, 10.98%, 0, 0, 3, 430.62, 1030202, 5458, 0, 0
3554, 0, 298, 3676, 3527, 628, 10.98%, 0, 0, 3, 420.89, 1032416, 5458, 0, 0
3559, 0, 298, 3678, 3529, 628, 10.98%, 0, 0, 3, 433.16, 1034606, 5458, 0, 0
3564, 0, 306, 3678, 3526, 626, 10.98%, 0, 0, 3, 654.30, 1037945, 5458, 0, 0
3569, 0, 306, 3682, 3530, 626, 10.99%, 0, 0, 3, 724.88, 1041766, 5461, 0, 0
3575, 0, 3196, 3682, 3524, 623, 10.99%, 0, 0, 3, 112.93, 1044582, 5461, 0, 0
3580, 0, 3196, 3682, 3524, 623, 10.99%, 0, 0, 3, 120.30, 1045196, 5461, 0, 0
3585, 0, 3196, 3682, 3524, 623, 10.99%, 0, 0, 3, 114.88, 1045754, 5461, 0, 0
3590, 0, 327, 3682, 3523, 622, 10.99%, 0, 0, 3, 1010.00, 1046620, 5461, 0, 0
3595, 0, 2839, 3682, 3509, 608, 10.99%, 0, 0, 3, 870.73, 1050932, 5461, 0, 0
3600, 0, 397, 3683, 3504, 602, 10.99%, 0, 0, 3, 725.56, 1054402, 5461, 0, 0
3605, 0, 1518, 3683, 3503, 601, 10.99%, 0, 0, 3, 104.86, 1055016, 5461, 0, 0
3610, 0, 1518, 3683, 3503, 601, 10.99%, 0, 0, 3, 93.44, 1055493, 5461, 0, 0
3615, 0, 2883, 3683, 3499, 598, 10.99%, 0, 0, 3, 745.21, 1058087, 5461, 0, 0
3619, 0, 1416, 3683, 3494, 593, 10.99%, 0, 0, 3, 0.00, 1060027, 5461, 0, 0
