# relative_time, cycles_done, cur_item, corpus_count, pending_total, pending_favs, map_size, saved_crashes, saved_hangs, max_depth, execs_per_sec, total_execs, edges_found, total_crashes, servers_count
61, 0, 0, 436, 436, 156, 8.57%, 0, 0, 2, 103.21, 9023, 4184, 0, 0
66, 0, 0, 443, 443, 156, 8.57%, 0, 0, 2, 104.84, 9554, 4185, 0, 0
71, 0, 0, 444, 444, 156, 8.57%, 0, 0, 2, 128.55, 10221, 4187, 0, 0
76, 0, 0, 447, 447, 156, 8.57%, 0, 0, 2, 129.26, 10879, 4187, 0, 0
81, 0, 0, 458, 458, 156, 8.58%, 0, 0, 2, 118.09, 11489, 4189, 0, 0
86, 0, 0, 462, 462, 156, 8.58%, 0, 0, 2, 108.23, 12027, 4190, 0, 0
91, 0, 0, 490, 490, 156, 8.58%, 0, 0, 2, 104.80, 12569, 4192, 0, 0
97, 0, 0, 511, 511, 156, 8.62%, 0, 0, 2, 116.27, 13166, 4211, 0, 0
102, 0, 0, 530, 530, 156, 8.66%, 0, 0, 2, 124.46, 13811, 4227, 0, 0
107, 0, 0, 548, 548, 156, 8.67%, 0, 0, 2, 117.83, 14415, 4233, 0, 0
112, 0, 0, 561, 561, 156, 8.68%, 0, 0, 2, 118.99, 15042, 4239, 0, 0
117, 0, 0, 568, 568, 156, 8.69%, 0, 0, 2, 114.61, 15631, 4244, 0, 0
122, 0, 0, 579, 579, 156, 8.70%, 0, 0, 2, 119.04, 16242, 4250, 0, 0
127, 0, 0, 586, 586, 156, 8.70%, 0, 0, 2, 122.26, 16877, 4250, 0, 0
132, 0, 0, 596, 596, 156, 8.72%, 0, 0, 2, 119.32, 17471, 4259, 0, 0
137, 0, 0, 603, 603, 156, 8.72%, 0, 0, 2, 124.64, 18106, 4260, 0, 0
142, 0, 0, 609, 609, 156, 8.74%, 0, 0, 2, 114.08, 18678, 4267, 0, 0
147, 0, 0, 616, 616, 156, 8.74%, 0, 0, 2, 105.76, 19223, 4269, 0, 0
152, 0, 0, 623, 623, 156, 8.75%, 0, 0, 2, 123.72, 19856, 4274, 0, 0
158, 0, 0, 628, 628, 156, 8.76%, 0, 0, 2, 127.65, 20513, 4280, 0, 0
163, 0, 0, 636, 636, 156, 8.77%, 0, 0, 2, 128.05, 21167, 4282, 0, 0
168, 0, 0, 640, 640, 156, 8.77%, 0, 0, 2, 115.16, 21745, 4283, 0, 0
173, 0, 0, 641, 641, 156, 8.77%, 0, 0, 2, 108.17, 22294, 4283, 0, 0
178, 0, 0, 648, 648, 156, 8.78%, 0, 0, 2, 117.84, 22913, 4286, 0, 0
183, 0, 0, 654, 654, 156, 8.78%, 0, 0, 2, 118.73, 23531, 4287, 0, 0
188, 0, 0, 664, 664, 156, 8.78%, 0, 0, 2, 118.77, 24133, 4287, 0, 0
193, 0, 0, 671, 671, 156, 8.78%, 0, 0, 2, 111.52, 24694, 4289, 0, 0
198, 0, 0, 677, 677, 156, 8.79%, 0, 0, 2, 124.51, 25342, 4293, 0, 0
203, 0, 0, 681, 681, 156, 8.79%, 0, 0, 2, 113.66, 25896, 4294, 0, 0
209, 0, 0, 686, 686, 156, 8.80%, 0, 0, 2, 104.10, 26439, 4296, 0, 0
214, 0, 0, 690, 690, 156, 8.80%, 0, 0, 2, 110.64, 27003, 4296, 0, 0
219, 0, 0, 691, 691, 156, 8.80%, 0, 0, 2, 120.29, 27622, 4296, 0, 0
224, 0, 0, 695, 695, 156, 8.80%, 0, 0, 2, 124.21, 28272, 4297, 0, 0
229, 0, 0, 696, 696, 156, 8.80%, 0, 0, 2, 123.91, 28893, 4298, 0, 0
234, 0, 0, 700, 700, 156, 8.80%, 0, 0, 2, 124.85, 29517, 4299, 0, 0
239, 0, 0, 702, 702, 156, 8.80%, 0, 0, 2, 112.25, 30089, 4299, 0, 0
244, 0, 0, 703, 703, 156, 8.80%, 0, 0, 2, 106.31, 30626, 4299, 0, 0
249, 0, 0, 703, 703, 156, 8.80%, 0, 0, 2, 104.65, 31180, 4299, 0, 0
255, 0, 0, 707, 707, 156, 8.80%, 0, 0, 2, 108.80, 31740, 4299, 0, 0
260, 0, 0, 708, 708, 156, 8.80%, 0, 0, 2, 116.48, 32345, 4299, 0, 0
265, 0, 0, 711, 711, 156, 8.81%, 0, 0, 2, 107.74, 32888, 4300, 0, 0
270, 0, 0, 716, 716, 156, 8.81%, 0, 0, 2, 114.93, 33507, 4303, 0, 0
275, 0, 0, 719, 719, 156, 8.81%, 0, 0, 2, 111.10, 34100, 4303, 0, 0
280, 0, 0, 720, 720, 156, 8.81%, 0, 0, 2, 117.13, 34667, 4303, 0, 0
285, 0, 0, 724, 724, 156, 8.81%, 0, 0, 2, 123.89, 35295, 4303, 0, 0
290, 0, 0, 727, 727, 156, 8.82%, 0, 0, 2, 126.14, 35932, 4305, 0, 0
295, 0, 0, 729, 729, 156, 8.82%, 0, 0, 2, 127.97, 36568, 4305, 0, 0
300, 0, 0, 729, 729, 156, 8.82%, 0, 0, 2, 121.24, 37194, 4305, 0, 0
306, 0, 0, 737, 737, 156, 8.82%, 0, 0, 2, 125.22, 37844, 4309, 0, 0
311, 0, 0, 740, 740, 156, 8.83%, 0, 0, 2, 116.95, 38417, 4310, 0, 0
316, 0, 0, 742, 742, 156, 8.84%, 0, 0, 2, 114.90, 38998, 4315, 0, 0
321, 0, 0, 747, 747, 156, 8.85%, 0, 0, 2, 119.50, 39592, 4323, 0, 0
326, 0, 0, 748, 748, 156, 8.85%, 0, 0, 2, 123.72, 40213, 4323, 0, 0
331, 0, 0, 751, 751, 156, 8.85%, 0, 0, 2, 127.94, 40876, 4323, 0, 0
336, 0, 0, 752, 752, 156, 8.85%, 0, 0, 2, 130.13, 41553, 4323, 0, 0
341, 0, 0, 753, 753, 156, 8.85%, 0, 0, 2, 120.05, 42142, 4323, 0, 0
346, 0, 0, 755, 755, 156, 8.85%, 0, 0, 2, 129.46, 42826, 4324, 0, 0
352, 0, 0, 755, 755, 156, 8.85%, 0, 0, 2, 128.61, 43484, 4324, 0, 0
357, 0, 0, 758, 758, 156, 8.85%, 0, 0, 2, 120.45, 44101, 4324, 0, 0
362, 0, 0, 761, 761, 156, 8.85%, 0, 0, 2, 119.76, 44720, 4324, 0, 0
367, 0, 0, 762, 762, 156, 8.85%, 0, 0, 2, 118.78, 45325, 4324, 0, 0
372, 0, 0, 764, 764, 156, 8.85%, 0, 0, 2, 122.24, 45945, 4324, 0, 0
377, 0, 0, 768, 768, 156, 8.86%, 0, 0, 2, 116.32, 46511, 4327, 0, 0
382, 0, 0, 770, 770, 156, 8.86%, 0, 0, 2, 121.89, 47159, 4329, 0, 0
387, 0, 0, 771, 771, 156, 8.87%, 0, 0, 2, 123.91, 47772, 4330, 0, 0
392, 0, 0, 772, 772, 156, 8.87%, 0, 0, 2, 125.48, 48408, 4330, 0, 0
397, 0, 0, 776, 776, 156, 8.87%, 0, 0, 2, 122.84, 49039, 4332, 0, 0
402, 0, 0, 778, 778, 156, 8.87%, 0, 0, 2, 120.34, 49633, 4333, 0, 0
407, 0, 0, 780, 780, 156, 8.87%, 0, 0, 2, 122.04, 50247, 4333, 0, 0
412, 0, 0, 783, 783, 156, 8.87%, 0, 0, 2, 117.47, 50844, 4333, 0, 0
417, 0, 0, 785, 785, 156, 8.87%, 0, 0, 2, 118.34, 51436, 4334, 0, 0
422, 0, 0, 786, 786, 156, 8.87%, 0, 0, 2, 111.31, 51997, 4334, 0, 0
427, 0, 0, 787, 787, 156, 8.87%, 0, 0, 2, 106.54, 52490, 4334, 0, 0
433, 0, 0, 789, 789, 156, 8.87%, 0, 0, 2, 112.35, 53072, 4334, 0, 0
438, 0, 0, 791, 791, 156, 8.88%, 0, 0, 2, 115.76, 53692, 4335, 0, 0
443, 0, 0, 793, 793, 156, 8.88%, 0, 0, 2, 122.44, 54311, 4335, 0, 0
448, 0, 0, 795, 795, 156, 8.89%, 0, 0, 2, 120.29, 54934, 4339, 0, 0
453, 0, 0, 795, 795, 156, 8.89%, 0, 0, 2, 124.09, 55584, 4339, 0, 0
458, 0, 0, 798, 798, 156, 8.89%, 0, 0, 2, 124.27, 56223, 4339, 0, 0
464, 0, 0, 799, 799, 156, 8.89%, 0, 0, 2, 127.53, 56880, 4339, 0, 0
469, 0, 0, 803, 803, 156, 8.89%, 0, 0, 2, 123.39, 57518, 4342, 0, 0
474, 0, 0, 803, 803, 156, 8.89%, 0, 0, 2, 121.49, 58134, 4342, 0, 0
479, 0, 0, 803, 803, 156, 8.89%, 0, 0, 2, 125.13, 58796, 4342, 0, 0
484, 0, 0, 805, 805, 156, 8.89%, 0, 0, 2, 123.86, 59462, 4342, 0, 0
489, 0, 0, 807, 807, 156, 8.90%, 0, 0, 2, 121.75, 60086, 4345, 0, 0
494, 0, 0, 809, 809, 156, 8.90%, 0, 0, 2, 112.26, 60650, 4345, 0, 0
500, 0, 0, 811, 811, 156, 8.90%, 0, 0, 2, 117.92, 61248, 4345, 0, 0
505, 0, 0, 811, 811, 156, 8.90%, 0, 0, 2, 111.18, 61798, 4345, 0, 0
510, 0, 0, 811, 811, 156, 8.90%, 0, 0, 2, 111.01, 62358, 4345, 0, 0
515, 0, 0, 814, 814, 156, 8.90%, 0, 0, 2, 108.65, 62912, 4345, 0, 0
520, 0, 0, 815, 815, 156, 8.90%, 0, 0, 2, 118.03, 63502, 4345, 0, 0
525, 0, 0, 816, 816, 156, 8.91%, 0, 0, 2, 118.73, 64107, 4349, 0, 0
530, 0, 0, 816, 816, 156, 8.91%, 0, 0, 2, 116.08, 64695, 4349, 0, 0
535, 0, 0, 817, 817, 156, 8.91%, 0, 0, 2, 116.06, 65302, 4349, 0, 0
540, 0, 0, 819, 818, 155, 8.91%, 0, 0, 2, 102.50, 65816, 4349, 0, 0
545, 0, 0, 828, 827, 155, 8.91%, 0, 0, 2, 97.25, 66295, 4351, 0, 0
550, 0, 0, 876, 875, 155, 8.95%, 0, 0, 2, 100.25, 66807, 4372, 0, 0
555, 0, 0, 940, 939, 155, 9.01%, 0, 0, 2, 113.18, 67392, 4398, 0, 0
560, 0, 0, 995, 994, 155, 9.05%, 0, 0, 2, 96.82, 67860, 4419, 0, 0
566, 0, 0, 1066, 1065, 155, 9.10%, 0, 0, 2, 108.07, 68431, 4445, 0, 0
571, 0, 0, 1134, 1133, 155, 9.20%, 0, 0, 2, 106.07, 68982, 4492, 0, 0
576, 0, 0, 1202, 1201, 155, 9.36%, 0, 0, 2, 106.32, 69529, 4572, 0, 0
581, 0, 0, 1265, 1264, 155, 9.41%, 0, 0, 2, 96.32, 70036, 4593, 0, 0
586, 0, 0, 1304, 1303, 155, 9.41%, 0, 0, 2, 69.84, 70349, 4595, 0, 0
591, 0, 0, 1327, 1326, 155, 9.41%, 0, 0, 2, 45.37, 70534, 4597, 0, 0
597, 0, 0, 1343, 1342, 155, 9.45%, 0, 0, 2, 32.82, 70662, 4614, 0, 0
602, 0, 0, 1357, 1356, 155, 9.49%, 0, 0, 2, 26.14, 70774, 4632, 0, 0
607, 0, 0, 1371, 1370, 155, 9.52%, 0, 0, 2, 23.90, 70886, 4649, 0, 0
612, 0, 0, 1383, 1382, 155, 9.55%, 0, 0, 2, 21.34, 70983, 4665, 0, 0
618, 0, 0, 1397, 1396, 155, 9.56%, 0, 0, 2, 22.26, 71096, 4671, 0, 0
623, 0, 11, 1406, 1405, 420, 9.58%, 0, 0, 2, 71.67, 71433, 4678, 0, 0
628, 0, 11, 1406, 1405, 420, 9.58%, 0, 0, 2, 98.76, 71980, 4678, 0, 0
633, 0, 11, 1445, 1444, 420, 9.65%, 0, 0, 2, 118.56, 72613, 4715, 0, 0
638, 0, 11, 1473, 1472, 420, 9.72%, 0, 0, 2, 115.48, 73221, 4745, 0, 0
643, 0, 11, 1474, 1473, 420, 9.72%, 0, 0, 2, 117.38, 73792, 4745, 0, 0
648, 0, 11, 1474, 1473, 420, 9.72%, 0, 0, 2, 120.55, 74394, 4745, 0, 0
653, 0, 11, 1474, 1473, 420, 9.72%, 0, 0, 2, 119.91, 74992, 4745, 0, 0
658, 0, 11, 1474, 1473, 420, 9.72%, 0, 0, 2, 127.76, 75646, 4745, 0, 0
663, 0, 11, 1474, 1473, 420, 9.72%, 0, 0, 2, 124.06, 76264, 4745, 0, 0
668, 0, 11, 1474, 1473, 420, 9.72%, 0, 0, 2, 123.81, 76894, 4745, 0, 0
673, 0, 11, 1480, 1479, 420, 9.73%, 0, 0, 2, 132.57, 77561, 4752, 0, 0
678, 0, 11, 1487, 1486, 420, 9.74%, 0, 0, 2, 126.22, 78202, 4755, 0, 0
683, 0, 11, 1496, 1495, 420, 9.74%, 0, 0, 2, 122.79, 78814, 4758, 0, 0
689, 0, 11, 1501, 1500, 420, 9.76%, 0, 0, 2, 130.60, 79467, 4765, 0, 0
694, 0, 11, 1501, 1500, 420, 9.76%, 0, 0, 2, 127.58, 80125, 4765, 0, 0
699, 0, 11, 1503, 1502, 420, 9.76%, 0, 0, 2, 126.62, 80777, 4767, 0, 0
704, 0, 11, 1505, 1504, 420, 9.77%, 0, 0, 2, 129.11, 81445, 4769, 0, 0
709, 0, 11, 1510, 1509, 420, 9.77%, 0, 0, 2, 127.34, 82099, 4772, 0, 0
714, 0, 11, 1512, 1511, 420, 9.78%, 0, 0, 2, 122.49, 82737, 4774, 0, 0
720, 0, 11, 1513, 1512, 420, 9.78%, 0, 0, 2, 113.42, 83312, 4775, 0, 0
725, 0, 11, 1514, 1513, 420, 9.78%, 0, 0, 2, 124.26, 83901, 4776, 0, 0
730, 0, 11, 1514, 1513, 420, 9.78%, 0, 0, 2, 126.90, 84573, 4776, 0, 0
735, 0, 11, 1515, 1514, 420, 9.78%, 0, 0, 2, 132.11, 85244, 4776, 0, 0
740, 0, 11, 1515, 1514, 420, 9.78%, 0, 0, 2, 134.99, 85928, 4776, 0, 0
745, 0, 11, 1515, 1514, 420, 9.78%, 0, 0, 2, 132.14, 86602, 4776, 0, 0
750, 0, 11, 1516, 1515, 420, 9.78%, 0, 0, 2, 117.27, 87205, 4776, 0, 0
755, 0, 11, 1535, 1534, 420, 9.78%, 0, 0, 2, 111.41, 87748, 4778, 0, 0
760, 0, 11, 1539, 1538, 420, 9.78%, 0, 0, 2, 119.88, 88366, 4778, 0, 0
765, 0, 11, 1542, 1541, 420, 9.79%, 0, 0, 2, 117.87, 88957, 4779, 0, 0
771, 0, 11, 1542, 1541, 420, 9.79%, 0, 0, 2, 123.70, 89595, 4779, 0, 0
776, 0, 11, 1545, 1544, 420, 9.79%, 0, 0, 2, 123.04, 90192, 4779, 0, 0
781, 0, 11, 1548, 1547, 420, 9.79%, 0, 0, 2, 128.76, 90829, 4779, 0, 0
786, 0, 11, 1552, 1551, 420, 9.79%, 0, 0, 2, 128.78, 91471, 4779, 0, 0
791, 0, 11, 1555, 1554, 420, 9.79%, 0, 0, 2, 124.97, 92126, 4779, 0, 0
796, 0, 11, 1557, 1556, 420, 9.79%, 0, 0, 2, 127.01, 92774, 4779, 0, 0
801, 0, 11, 1557, 1556, 420, 9.79%, 0, 0, 2, 129.70, 93446, 4779, 0, 0
806, 0, 11, 1558, 1557, 420, 9.79%, 0, 0, 2, 129.16, 94123, 4779, 0, 0
811, 0, 11, 1559, 1558, 420, 9.79%, 0, 0, 2, 133.66, 94818, 4779, 0, 0
817, 0, 11, 1560, 1559, 420, 9.79%, 0, 0, 2, 128.42, 95479, 4779, 0, 0
822, 0, 11, 1562, 1561, 420, 9.79%, 0, 0, 2, 128.64, 96125, 4780, 0, 0
827, 0, 11, 1563, 1562, 420, 9.79%, 0, 0, 2, 133.82, 96824, 4781, 0, 0
832, 0, 11, 1564, 1563, 420, 9.79%, 0, 0, 2, 129.23, 97503, 4781, 0, 0
837, 0, 11, 1565, 1564, 420, 9.79%, 0, 0, 2, 125.09, 98136, 4781, 0, 0
842, 0, 11, 1565, 1564, 420, 9.79%, 0, 0, 2, 125.17, 98784, 4781, 0, 0
848, 0, 11, 1568, 1567, 420, 9.79%, 0, 0, 2, 132.03, 99475, 4782, 0, 0
853, 0, 11, 1568, 1567, 420, 9.79%, 0, 0, 2, 129.82, 100145, 4782, 0, 0
858, 0, 11, 1569, 1568, 420, 9.79%, 0, 0, 2, 126.20, 100804, 4782, 0, 0
863, 0, 11, 1569, 1568, 420, 9.79%, 0, 0, 2, 126.38, 101456, 4782, 0, 0
868, 0, 11, 1571, 1570, 420, 9.79%, 0, 0, 2, 128.21, 102130, 4783, 0, 0
874, 0, 11, 1573, 1572, 420, 9.79%, 0, 0, 2, 129.48, 102822, 4783, 0, 0
879, 0, 11, 1574, 1573, 420, 9.80%, 0, 0, 2, 129.42, 103501, 4784, 0, 0
884, 0, 11, 1576, 1575, 420, 9.80%, 0, 0, 2, 133.49, 104199, 4784, 0, 0
889, 0, 11, 1576, 1575, 420, 9.80%, 0, 0, 2, 128.70, 104867, 4784, 0, 0
894, 0, 11, 1577, 1576, 420, 9.80%, 0, 0, 2, 123.05, 105514, 4784, 0, 0
899, 0, 11, 1577, 1576, 420, 9.80%, 0, 0, 2, 127.32, 106182, 4784, 0, 0
905, 0, 11, 1577, 1576, 420, 9.80%, 0, 0, 2, 131.66, 106870, 4784, 0, 0
910, 0, 11, 1577, 1576, 420, 9.80%, 0, 0, 2, 134.03, 107568, 4784, 0, 0
915, 0, 11, 1578, 1577, 420, 9.80%, 0, 0, 2, 131.32, 108245, 4784, 0, 0
920, 0, 11, 1578, 1577, 420, 9.80%, 0, 0, 2, 129.64, 108887, 4784, 0, 0
925, 0, 11, 1578, 1577, 420, 9.80%, 0, 0, 2, 129.39, 109565, 4784, 0, 0
930, 0, 11, 1578, 1577, 420, 9.80%, 0, 0, 2, 129.99, 110235, 4784, 0, 0
936, 0, 11, 1578, 1577, 420, 9.80%, 0, 0, 2, 128.08, 110909, 4784, 0, 0
941, 0, 11, 1578, 1577, 420, 9.80%, 0, 0, 2, 128.89, 111593, 4784, 0, 0
946, 0, 11, 1579, 1578, 420, 9.80%, 0, 0, 2, 130.93, 112270, 4784, 0, 0
951, 0, 11, 1579, 1578, 420, 9.80%, 0, 0, 2, 131.20, 112950, 4784, 0, 0
956, 0, 11, 1579, 1578, 420, 9.80%, 0, 0, 2, 125.43, 113570, 4784, 0, 0
961, 0, 11, 1579, 1578, 420, 9.80%, 0, 0, 2, 128.27, 114242, 4784, 0, 0
966, 0, 11, 1579, 1578, 420, 9.80%, 0, 0, 2, 134.96, 114944, 4784, 0, 0
972, 0, 11, 1580, 1579, 420, 9.80%, 0, 0, 2, 131.85, 115607, 4784, 0, 0
977, 0, 11, 1581, 1580, 420, 9.80%, 0, 0, 2, 132.69, 116292, 4784, 0, 0
982, 0, 11, 1581, 1580, 420, 9.80%, 0, 0, 2, 125.89, 116938, 4784, 0, 0
987, 0, 11, 1581, 1580, 420, 9.80%, 0, 0, 2, 131.83, 117620, 4784, 0, 0
992, 0, 11, 1583, 1582, 420, 9.80%, 0, 0, 2, 128.16, 118290, 4784, 0, 0
997, 0, 11, 1583, 1582, 420, 9.80%, 0, 0, 2, 130.25, 118966, 4784, 0, 0
1003, 0, 11, 1585, 1584, 420, 9.80%, 0, 0, 2, 129.96, 119648, 4784, 0, 0
1008, 0, 11, 1585, 1584, 420, 9.80%, 0, 0, 2, 128.67, 120294, 4784, 0, 0
1013, 0, 11, 1585, 1584, 420, 9.80%, 0, 0, 2, 129.16, 120972, 4784, 0, 0
1018, 0, 11, 1585, 1584, 420, 9.80%, 0, 0, 2, 122.84, 121576, 4784, 0, 0
1023, 0, 11, 1585, 1584, 420, 9.80%, 0, 0, 2, 128.88, 122242, 4784, 0, 0
1028, 0, 11, 1586, 1585, 420, 9.80%, 0, 0, 2, 132.45, 122925, 4784, 0, 0
1033, 0, 11, 1586, 1585, 420, 9.80%, 0, 0, 2, 130.09, 123595, 4784, 0, 0
1039, 0, 11, 1586, 1585, 420, 9.80%, 0, 0, 2, 130.04, 124265, 4784, 0, 0
1044, 0, 11, 1586, 1585, 420, 9.80%, 0, 0, 2, 132.78, 124957, 4784, 0, 0
1049, 0, 11, 1586, 1585, 420, 9.80%, 0, 0, 2, 130.84, 125603, 4784, 0, 0
1054, 0, 11, 1586, 1585, 420, 9.80%, 0, 0, 2, 127.88, 126261, 4784, 0, 0
1059, 0, 11, 1587, 1586, 420, 9.80%, 0, 0, 2, 133.47, 126940, 4784, 0, 0
1064, 0, 11, 1587, 1586, 420, 9.80%, 0, 0, 2, 126.84, 127594, 4784, 0, 0
1069, 0, 11, 1587, 1586, 420, 9.80%, 0, 0, 2, 130.34, 128270, 4784, 0, 0
1075, 0, 11, 1587, 1586, 420, 9.80%, 0, 0, 2, 122.02, 128894, 4784, 0, 0
1080, 0, 11, 1587, 1586, 420, 9.80%, 0, 0, 2, 130.40, 129576, 4784, 0, 0
1085, 0, 11, 1588, 1587, 420, 9.80%, 0, 0, 2, 130.71, 130247, 4784, 0, 0
1090, 0, 11, 1588, 1587, 420, 9.80%, 0, 0, 2, 124.99, 130895, 4784, 0, 0
1095, 0, 11, 1588, 1587, 420, 9.80%, 0, 0, 2, 128.03, 131555, 4784, 0, 0
1100, 0, 11, 1588, 1587, 420, 9.80%, 0, 0, 2, 132.24, 132239, 4784, 0, 0
1106, 0, 11, 1588, 1587, 420, 9.80%, 0, 0, 2, 129.22, 132909, 4784, 0, 0
1111, 0, 11, 1588, 1587, 420, 9.80%, 0, 0, 2, 130.48, 133593, 4784, 0, 0
1116, 0, 11, 1588, 1587, 420, 9.80%, 0, 0, 2, 126.88, 134251, 4784, 0, 0
1121, 0, 11, 1588, 1587, 420, 9.80%, 0, 0, 2, 129.10, 134913, 4784, 0, 0
1126, 0, 11, 1588, 1587, 420, 9.80%, 0, 0, 2, 131.42, 135567, 4784, 0, 0
1131, 0, 11, 1588, 1587, 420, 9.80%, 0, 0, 2, 132.54, 136245, 4784, 0, 0
1136, 0, 11, 1588, 1587, 420, 9.80%, 0, 0, 2, 110.83, 136795, 4784, 0, 0
1142, 0, 11, 1588, 1587, 420, 9.80%, 0, 0, 2, 117.34, 137417, 4784, 0, 0
1147, 0, 11, 1588, 1587, 420, 9.80%, 0, 0, 2, 120.98, 138023, 4784, 0, 0
1152, 0, 11, 1589, 1588, 420, 9.80%, 0, 0, 2, 125.70, 138658, 4784, 0, 0
1157, 0, 14, 1592, 1590, 478, 9.80%, 0, 0, 2, 121.58, 139292, 4784, 0, 0
1162, 0, 14, 1597, 1595, 478, 9.80%, 0, 0, 2, 127.23, 139941, 4785, 0, 0
1167, 0, 14, 1604, 1602, 478, 9.80%, 0, 0, 2, 118.90, 140552, 4787, 0, 0
1172, 0, 14, 1610, 1608, 478, 9.81%, 0, 0, 2, 118.26, 141154, 4789, 0, 0
1177, 0, 14, 1612, 1610, 478, 9.81%, 0, 0, 2, 119.18, 141772, 4790, 0, 0
1182, 0, 14, 1614, 1612, 478, 9.81%, 0, 0, 2, 92.44, 142215, 4790, 0, 0
1187, 0, 14, 1616, 1614, 478, 9.82%, 0, 0, 2, 103.96, 142752, 4795, 0, 0
1192, 0, 14, 1619, 1617, 478, 9.82%, 0, 0, 2, 114.06, 143341, 4795, 0, 0
1198, 0, 14, 1621, 1619, 478, 9.84%, 0, 0, 2, 107.59, 143905, 4804, 0, 0
1203, 0, 14, 1623, 1621, 478, 9.84%, 0, 0, 2, 114.69, 144493, 4805, 0, 0
1208, 0, 14, 1625, 1623, 478, 9.84%, 0, 0, 2, 118.83, 145097, 4805, 0, 0
1213, 0, 14, 1628, 1626, 478, 9.84%, 0, 0, 2, 127.64, 145732, 4806, 0, 0
1218, 0, 14, 1629, 1627, 478, 9.84%, 0, 0, 2, 125.16, 146383, 4806, 0, 0
1223, 0, 14, 1629, 1627, 478, 9.84%, 0, 0, 2, 125.68, 147003, 4806, 0, 0
1228, 0, 14, 1632, 1630, 478, 9.84%, 0, 0, 2, 121.33, 147618, 4807, 0, 0
1233, 0, 14, 1632, 1630, 478, 9.84%, 0, 0, 2, 121.61, 148234, 4807, 0, 0
1238, 0, 14, 1634, 1632, 478, 9.84%, 0, 0, 2, 119.93, 148864, 4807, 0, 0
1244, 0, 14, 1636, 1634, 478, 9.84%, 0, 0, 2, 118.09, 149490, 4807, 0, 0
1249, 0, 14, 1636, 1634, 478, 9.84%, 0, 0, 2, 122.79, 150140, 4807, 0, 0
1254, 0, 14, 1638, 1636, 478, 9.84%, 0, 0, 2, 127.24, 150794, 4807, 0, 0
1259, 0, 14, 1640, 1638, 478, 9.84%, 0, 0, 2, 119.29, 151386, 4807, 0, 0
1264, 0, 14, 1641, 1639, 478, 9.84%, 0, 0, 2, 115.01, 152001, 4807, 0, 0
1269, 0, 14, 1642, 1640, 478, 9.84%, 0, 0, 2, 102.47, 152528, 4807, 0, 0
1274, 0, 14, 1642, 1640, 478, 9.84%, 0, 0, 2, 117.17, 153118, 4807, 0, 0
1279, 0, 14, 1642, 1640, 478, 9.84%, 0, 0, 2, 113.79, 153686, 4807, 0, 0
1284, 0, 14, 1644, 1642, 478, 9.85%, 0, 0, 2, 117.51, 154280, 4810, 0, 0
1289, 0, 14, 1644, 1642, 478, 9.85%, 0, 0, 2, 117.82, 154876, 4810, 0, 0
1294, 0, 14, 1646, 1644, 478, 9.85%, 0, 0, 2, 125.84, 155506, 4811, 0, 0
1300, 0, 14, 1647, 1645, 478, 9.85%, 0, 0, 2, 123.69, 156155, 4812, 0, 0
1305, 0, 14, 1647, 1645, 478, 9.85%, 0, 0, 2, 116.01, 156715, 4812, 0, 0
1310, 0, 14, 1647, 1645, 478, 9.85%, 0, 0, 2, 114.61, 157319, 4812, 0, 0
1315, 0, 14, 1648, 1646, 478, 9.85%, 0, 0, 2, 121.10, 157944, 4812, 0, 0
1320, 0, 14, 1649, 1647, 478, 9.85%, 0, 0, 2, 112.11, 158457, 4812, 0, 0
1325, 0, 14, 1649, 1647, 478, 9.85%, 0, 0, 2, 116.06, 159041, 4812, 0, 0
1330, 0, 14, 1650, 1648, 478, 9.85%, 0, 0, 2, 122.70, 159658, 4812, 0, 0
1335, 0, 14, 1652, 1650, 478, 9.86%, 0, 0, 2, 119.17, 160268, 4814, 0, 0
1340, 0, 14, 1655, 1653, 478, 9.86%, 0, 0, 2, 123.56, 160915, 4814, 0, 0
1346, 0, 14, 1655, 1653, 478, 9.86%, 0, 0, 2, 126.41, 161567, 4814, 0, 0
1351, 0, 14, 1656, 1654, 478, 9.86%, 0, 0, 2, 119.12, 162138, 4815, 0, 0
1356, 0, 14, 1656, 1654, 478, 9.86%, 0, 0, 2, 122.38, 162768, 4815, 0, 0
1361, 0, 14, 1657, 1655, 478, 9.86%, 0, 0, 2, 126.96, 163427, 4815, 0, 0
1366, 0, 14, 1657, 1655, 478, 9.86%, 0, 0, 2, 121.47, 164049, 4815, 0, 0
1371, 0, 14, 1658, 1656, 478, 9.86%, 0, 0, 2, 117.03, 164642, 4817, 0, 0
1376, 0, 14, 1658, 1656, 478, 9.86%, 0, 0, 2, 121.00, 165272, 4817, 0, 0
1381, 0, 14, 1658, 1656, 478, 9.86%, 0, 0, 2, 119.64, 165852, 4817, 0, 0
1386, 0, 14, 1658, 1656, 478, 9.86%, 0, 0, 2, 121.13, 166480, 4817, 0, 0
1392, 0, 14, 1659, 1657, 478, 9.86%, 0, 0, 2, 122.03, 167123, 4817, 0, 0
1397, 0, 14, 1661, 1659, 478, 9.86%, 0, 0, 2, 119.06, 167723, 4817, 0, 0
1402, 0, 14, 1662, 1660, 478, 9.86%, 0, 0, 2, 128.37, 168410, 4817, 0, 0
1407, 0, 14, 1662, 1660, 478, 9.86%, 0, 0, 2, 126.40, 169066, 4817, 0, 0
1412, 0, 14, 1663, 1661, 478, 9.86%, 0, 0, 2, 120.48, 169687, 4817, 0, 0
1417, 0, 14, 1665, 1663, 478, 9.86%, 0, 0, 2, 118.88, 170293, 4817, 0, 0
1422, 0, 14, 1665, 1663, 478, 9.86%, 0, 0, 2, 122.96, 170925, 4817, 0, 0
1428, 0, 14, 1665, 1663, 478, 9.86%, 0, 0, 2, 125.40, 171575, 4817, 0, 0
1433, 0, 14, 1665, 1663, 478, 9.86%, 0, 0, 2, 120.69, 172201, 4817, 0, 0
1438, 0, 14, 1667, 1665, 478, 9.86%, 0, 0, 2, 121.01, 172859, 4817, 0, 0
1443, 0, 14, 1668, 1666, 478, 9.86%, 0, 0, 2, 133.63, 173530, 4817, 0, 0
1448, 0, 14, 1669, 1667, 478, 9.87%, 0, 0, 2, 115.44, 174107, 4818, 0, 0
1453, 0, 14, 1669, 1667, 478, 9.87%, 0, 0, 2, 125.05, 174761, 4818, 0, 0
1458, 0, 14, 1669, 1667, 478, 9.87%, 0, 0, 2, 127.76, 175423, 4818, 0, 0
1463, 0, 14, 1671, 1669, 478, 9.87%, 0, 0, 2, 128.40, 176085, 4818, 0, 0
1469, 0, 14, 1671, 1669, 478, 9.87%, 0, 0, 2, 121.51, 176691, 4818, 0, 0
1474, 0, 14, 1671, 1669, 478, 9.87%, 0, 0, 2, 118.85, 177309, 4818, 0, 0
1479, 0, 14, 1671, 1669, 478, 9.87%, 0, 0, 2, 123.09, 177925, 4818, 0, 0
1484, 0, 14, 1672, 1670, 478, 9.87%, 0, 0, 2, 120.48, 178524, 4818, 0, 0
1489, 0, 14, 1672, 1670, 478, 9.87%, 0, 0, 2, 128.58, 179196, 4818, 0, 0
1494, 0, 14, 1674, 1672, 478, 9.87%, 0, 0, 2, 123.28, 179840, 4819, 0, 0
1499, 0, 14, 1674, 1672, 478, 9.87%, 0, 0, 2, 109.27, 180406, 4819, 0, 0
1505, 0, 14, 1675, 1673, 478, 9.87%, 0, 0, 2, 110.18, 180967, 4819, 0, 0
1510, 0, 14, 1675, 1673, 478, 9.87%, 0, 0, 2, 127.07, 181643, 4819, 0, 0
1515, 0, 14, 1677, 1675, 478, 9.87%, 0, 0, 2, 132.40, 182339, 4820, 0, 0
1520, 0, 14, 1678, 1676, 478, 9.87%, 0, 0, 2, 128.38, 182986, 4820, 0, 0
1525, 0, 14, 1678, 1676, 478, 9.87%, 0, 0, 2, 126.14, 183644, 4820, 0, 0
1530, 0, 14, 1679, 1677, 478, 9.87%, 0, 0, 2, 116.81, 184251, 4820, 0, 0
1535, 0, 14, 1680, 1678, 478, 9.88%, 0, 0, 2, 123.09, 184900, 4823, 0, 0
1541, 0, 14, 1680, 1678, 478, 9.88%, 0, 0, 2, 122.50, 185524, 4823, 0, 0
1546, 0, 14, 1680, 1678, 478, 9.88%, 0, 0, 2, 123.14, 186176, 4823, 0, 0
1551, 0, 14, 1680, 1678, 478, 9.88%, 0, 0, 2, 120.61, 186798, 4823, 0, 0
1556, 0, 14, 1680, 1678, 478, 9.88%, 0, 0, 2, 114.45, 187382, 4823, 0, 0
1561, 0, 14, 1680, 1678, 478, 9.88%, 0, 0, 2, 113.12, 187920, 4823, 0, 0
1566, 0, 14, 1680, 1678, 478, 9.88%, 0, 0, 2, 111.44, 188484, 4823, 0, 0
1571, 0, 14, 1682, 1680, 478, 9.88%, 0, 0, 2, 116.54, 189114, 4824, 0, 0
1576, 0, 14, 1683, 1681, 478, 9.88%, 0, 0, 2, 126.01, 189775, 4824, 0, 0
1582, 0, 14, 1683, 1681, 478, 9.88%, 0, 0, 2, 127.38, 190449, 4824, 0, 0
1587, 0, 14, 1686, 1684, 478, 9.88%, 0, 0, 2, 131.77, 191162, 4824, 0, 0
1592, 0, 17, 1697, 1694, 489, 9.89%, 0, 0, 2, 117.77, 191764, 4832, 0, 0
1597, 0, 17, 1697, 1694, 489, 9.89%, 0, 0, 2, 112.11, 192317, 4832, 0, 0
1602, 0, 17, 1699, 1696, 489, 9.90%, 0, 0, 2, 113.61, 192910, 4833, 0, 0
1607, 0, 17, 1699, 1696, 489, 9.90%, 0, 0, 2, 113.59, 193487, 4833, 0, 0
1612, 0, 17, 1704, 1701, 489, 9.91%, 0, 0, 2, 121.44, 194106, 4841, 0, 0
1617, 0, 17, 1707, 1704, 489, 9.91%, 0, 0, 2, 119.25, 194703, 4841, 0, 0
1622, 0, 17, 1707, 1704, 489, 9.91%, 0, 0, 2, 112.14, 195239, 4841, 0, 0
1627, 0, 17, 1709, 1706, 489, 9.91%, 0, 0, 2, 118.64, 195845, 4841, 0, 0
1632, 0, 17, 1710, 1707, 489, 9.91%, 0, 0, 2, 120.31, 196442, 4841, 0, 0
1637, 0, 17, 1712, 1709, 489, 9.92%, 0, 0, 2, 114.10, 197038, 4843, 0, 0
1643, 0, 17, 1713, 1710, 489, 9.92%, 0, 0, 2, 110.92, 197587, 4843, 0, 0
1648, 0, 17, 1714, 1711, 489, 9.92%, 0, 0, 2, 110.85, 198150, 4844, 0, 0
1653, 0, 17, 1714, 1711, 489, 9.92%, 0, 0, 2, 114.93, 198716, 4844, 0, 0
1658, 0, 17, 1714, 1711, 489, 9.92%, 0, 0, 2, 119.59, 199346, 4844, 0, 0
1663, 0, 17, 1715, 1712, 489, 9.92%, 0, 0, 2, 119.42, 199949, 4845, 0, 0
1668, 0, 17, 1718, 1715, 489, 9.92%, 0, 0, 2, 124.71, 200602, 4846, 0, 0
1673, 0, 17, 1720, 1717, 489, 9.92%, 0, 0, 2, 116.51, 201190, 4846, 0, 0
1678, 0, 17, 1721, 1718, 489, 9.92%, 0, 0, 2, 116.06, 201789, 4846, 0, 0
1683, 0, 17, 1722, 1719, 489, 9.93%, 0, 0, 2, 111.18, 202358, 4847, 0, 0
1688, 0, 17, 1723, 1720, 489, 9.93%, 0, 0, 2, 102.91, 202905, 4847, 0, 0
1694, 0, 17, 1723, 1720, 489, 9.93%, 0, 0, 2, 115.97, 203505, 4847, 0, 0
1699, 0, 17, 1724, 1721, 489, 9.93%, 0, 0, 2, 117.41, 204120, 4847, 0, 0
1704, 0, 17, 1724, 1721, 489, 9.93%, 0, 0, 2, 120.68, 204750, 4847, 0, 0
1709, 0, 17, 1726, 1723, 489, 9.93%, 0, 0, 2, 119.59, 205338, 4847, 0, 0
1714, 0, 17, 1726, 1723, 489, 9.93%, 0, 0, 2, 118.07, 205958, 4847, 0, 0
1719, 0, 17, 1728, 1725, 489, 9.93%, 0, 0, 2, 119.20, 206578, 4848, 0, 0
1725, 0, 17, 1728, 1725, 489, 9.93%, 0, 0, 2, 109.23, 207112, 4848, 0, 0
1730, 0, 17, 1729, 1726, 489, 9.93%, 0, 0, 2, 117.69, 207719, 4848, 0, 0
1735, 0, 17, 1729, 1726, 489, 9.93%, 0, 0, 2, 122.00, 208349, 4848, 0, 0
1740, 0, 17, 1729, 1726, 489, 9.93%, 0, 0, 2, 121.74, 208963, 4848, 0, 0
1745, 0, 17, 1731, 1728, 489, 9.93%, 0, 0, 2, 113.29, 209523, 4849, 0, 0
1750, 0, 17, 1734, 1731, 489, 9.93%, 0, 0, 2, 97.66, 210033, 4850, 0, 0
1755, 0, 17, 1736, 1733, 489, 9.93%, 0, 0, 2, 109.24, 210618, 4850, 0, 0
1760, 0, 17, 1737, 1734, 489, 9.93%, 0, 0, 2, 104.13, 211123, 4850, 0, 0
1765, 0, 17, 1739, 1736, 489, 9.93%, 0, 0, 2, 111.68, 211689, 4851, 0, 0
1770, 0, 17, 1739, 1736, 489, 9.93%, 0, 0, 2, 125.47, 212337, 4851, 0, 0
1776, 0, 17, 1741, 1738, 489, 9.93%, 0, 0, 2, 122.72, 212977, 4851, 0, 0
1781, 0, 17, 1741, 1738, 489, 9.93%, 0, 0, 2, 119.34, 213571, 4851, 0, 0
1786, 0, 17, 1741, 1738, 489, 9.93%, 0, 0, 2, 121.65, 214187, 4851, 0, 0
1791, 0, 17, 1742, 1739, 489, 9.93%, 0, 0, 2, 119.60, 214786, 4851, 0, 0
1796, 0, 17, 1742, 1739, 489, 9.93%, 0, 0, 2, 111.29, 215342, 4851, 0, 0
1801, 0, 17, 1742, 1739, 489, 9.93%, 0, 0, 2, 111.24, 215884, 4851, 0, 0
1806, 0, 17, 1742, 1739, 489, 9.93%, 0, 0, 2, 108.17, 216434, 4851, 0, 0
1811, 0, 17, 1742, 1739, 489, 9.93%, 0, 0, 2, 108.52, 216994, 4851, 0, 0
1816, 0, 17, 1742, 1739, 489, 9.93%, 0, 0, 2, 110.32, 217544, 4851, 0, 0
1821, 0, 17, 1743, 1740, 489, 9.93%, 0, 0, 2, 117.78, 218141, 4851, 0, 0
1826, 0, 17, 1743, 1740, 489, 9.93%, 0, 0, 2, 123.83, 218771, 4851, 0, 0
1831, 0, 17, 1743, 1740, 489, 9.93%, 0, 0, 2, 125.50, 219415, 4851, 0, 0
1836, 0, 17, 1744, 1741, 489, 9.94%, 0, 0, 2, 125.76, 220050, 4854, 0, 0
1841, 0, 17, 1745, 1742, 489, 9.94%, 0, 0, 2, 123.52, 220675, 4854, 0, 0
1846, 0, 17, 1745, 1742, 489, 9.94%, 0, 0, 2, 123.47, 221295, 4854, 0, 0
1851, 0, 17, 1745, 1742, 489, 9.94%, 0, 0, 2, 127.99, 221963, 4854, 0, 0
1856, 0, 17, 1746, 1743, 489, 9.94%, 0, 0, 2, 99.87, 222432, 4854, 0, 0
1861, 0, 17, 1746, 1743, 489, 9.94%, 0, 0, 2, 67.29, 222735, 4854, 0, 0
1866, 0, 17, 1746, 1743, 489, 9.94%, 0, 0, 2, 77.41, 223130, 4854, 0, 0
1872, 0, 17, 1746, 1743, 489, 9.94%, 0, 0, 2, 88.38, 223608, 4854, 0, 0
1877, 0, 17, 1746, 1743, 489, 9.94%, 0, 0, 2, 60.63, 223895, 4854, 0, 0
1882, 0, 17, 1746, 1743, 489, 9.94%, 0, 0, 2, 48.74, 224132, 4854, 0, 0
1887, 0, 17, 1746, 1743, 489, 9.94%, 0, 0, 2, 31.32, 224309, 4854, 0, 0
1892, 0, 17, 1746, 1743, 489, 9.94%, 0, 0, 2, 63.15, 224625, 4854, 0, 0
1897, 0, 17, 1746, 1743, 489, 9.94%, 0, 0, 2, 47.00, 224869, 4854, 0, 0
1902, 0, 17, 1746, 1743, 489, 9.94%, 0, 0, 2, 63.38, 225222, 4854, 0, 0
1908, 0, 17, 1746, 1743, 489, 9.94%, 0, 0, 2, 70.24, 225607, 4854, 0, 0
1913, 0, 17, 1746, 1743, 489, 9.94%, 0, 0, 2, 69.66, 225958, 4854, 0, 0
1918, 0, 17, 1747, 1744, 489, 9.94%, 0, 0, 2, 61.02, 226266, 4854, 0, 0
1923, 0, 17, 1747, 1744, 489, 9.94%, 0, 0, 2, 77.75, 226633, 4854, 0, 0
1928, 0, 17, 1747, 1744, 489, 9.94%, 0, 0, 2, 79.91, 227051, 4854, 0, 0
1933, 0, 17, 1748, 1745, 489, 9.94%, 0, 0, 2, 64.11, 227389, 4854, 0, 0
1938, 0, 17, 1748, 1745, 489, 9.94%, 0, 0, 2, 44.57, 227580, 4854, 0, 0
1943, 0, 17, 1748, 1745, 489, 9.94%, 0, 0, 2, 42.63, 227789, 4854, 0, 0
1948, 0, 17, 1749, 1746, 489, 9.94%, 0, 0, 2, 45.27, 228020, 4854, 0, 0
1954, 0, 17, 1749, 1746, 489, 9.94%, 0, 0, 2, 45.40, 228251, 4854, 0, 0
1959, 0, 17, 1749, 1746, 489, 9.94%, 0, 0, 2, 57.30, 228537, 4854, 0, 0
1964, 0, 17, 1749, 1746, 489, 9.94%, 0, 0, 2, 69.38, 228907, 4854, 0, 0
1969, 0, 17, 1749, 1746, 489, 9.94%, 0, 0, 2, 67.56, 229256, 4854, 0, 0
1974, 0, 17, 1749, 1746, 489, 9.94%, 0, 0, 2, 102.55, 229805, 4854, 0, 0
1979, 0, 17, 1749, 1746, 489, 9.94%, 0, 0, 2, 117.91, 230413, 4854, 0, 0
1984, 0, 17, 1749, 1746, 489, 9.94%, 0, 0, 2, 121.94, 231051, 4854, 0, 0
1990, 0, 17, 1749, 1746, 489, 9.94%, 0, 0, 2, 121.51, 231689, 4854, 0, 0
1995, 0, 17, 1749, 1746, 489, 9.94%, 0, 0, 2, 104.67, 232219, 4854, 0, 0
2000, 0, 17, 1750, 1747, 489, 9.94%, 0, 0, 2, 117.35, 232808, 4854, 0, 0
2005, 0, 17, 1752, 1749, 489, 9.95%, 0, 0, 2, 115.52, 233400, 4857, 0, 0
2010, 0, 17, 1753, 1750, 489, 9.95%, 0, 0, 2, 114.80, 233979, 4857, 0, 0
2015, 0, 17, 1753, 1750, 489, 9.95%, 0, 0, 2, 120.40, 234595, 4857, 0, 0
2020, 0, 17, 1754, 1751, 489, 9.95%, 0, 0, 2, 122.88, 235210, 4857, 0, 0
2025, 0, 17, 1754, 1751, 489, 9.95%, 0, 0, 2, 121.40, 235820, 4857, 0, 0
2030, 0, 17, 1756, 1753, 489, 9.95%, 0, 0, 2, 120.86, 236430, 4857, 0, 0
2035, 0, 17, 1756, 1753, 489, 9.95%, 0, 0, 2, 122.99, 237068, 4857, 0, 0
2040, 0, 17, 1756, 1753, 489, 9.95%, 0, 0, 2, 115.89, 237670, 4857, 0, 0
2045, 0, 17, 1756, 1753, 489, 9.95%, 0, 0, 2, 105.24, 238208, 4857, 0, 0
2050, 0, 17, 1757, 1754, 489, 9.95%, 0, 0, 2, 104.26, 238729, 4858, 0, 0
2055, 0, 17, 1757, 1754, 489, 9.95%, 0, 0, 2, 88.31, 239174, 4858, 0, 0
2061, 0, 17, 1758, 1755, 489, 9.95%, 0, 0, 2, 112.81, 239758, 4860, 0, 0
2066, 0, 17, 1758, 1755, 489, 9.95%, 0, 0, 2, 111.55, 240326, 4860, 0, 0
2071, 0, 17, 1760, 1757, 489, 9.95%, 0, 0, 2, 111.04, 240886, 4861, 0, 0
2076, 0, 17, 1760, 1757, 489, 9.95%, 0, 0, 2, 106.25, 241420, 4861, 0, 0
2081, 0, 17, 1760, 1757, 489, 9.95%, 0, 0, 2, 108.26, 241986, 4861, 0, 0
2086, 0, 17, 1760, 1757, 489, 9.95%, 0, 0, 2, 111.96, 242548, 4861, 0, 0
2091, 0, 17, 1761, 1758, 489, 9.95%, 0, 0, 2, 113.44, 243123, 4861, 0, 0
2096, 0, 17, 1762, 1759, 489, 9.95%, 0, 0, 2, 101.43, 243648, 4861, 0, 0
2101, 0, 17, 1762, 1759, 489, 9.95%, 0, 0, 2, 102.15, 244136, 4861, 0, 0
2106, 0, 17, 1763, 1760, 489, 9.95%, 0, 0, 2, 115.27, 244739, 4861, 0, 0
2111, 0, 20, 1772, 1768, 505, 9.96%, 0, 0, 2, 119.81, 245342, 4862, 0, 0
2116, 0, 20, 1790, 1786, 505, 9.97%, 0, 0, 2, 109.30, 245906, 4867, 0, 0
2121, 0, 20, 1799, 1795, 505, 9.97%, 0, 0, 2, 121.57, 246523, 4867, 0, 0
2127, 0, 20, 1805, 1801, 505, 9.97%, 0, 0, 2, 129.14, 247205, 4867, 0, 0
2132, 0, 20, 1806, 1802, 505, 9.97%, 0, 0, 2, 128.09, 247866, 4869, 0, 0
2137, 0, 20, 1809, 1805, 505, 9.97%, 0, 0, 2, 128.82, 248535, 4869, 0, 0
2142, 0, 20, 1812, 1808, 505, 9.97%, 0, 0, 2, 131.13, 249190, 4869, 0, 0
2147, 0, 20, 1816, 1812, 505, 9.97%, 0, 0, 2, 129.49, 249864, 4869, 0, 0
2152, 0, 20, 1819, 1815, 505, 9.97%, 0, 0, 2, 131.63, 250525, 4869, 0, 0
2158, 0, 20, 1821, 1817, 505, 9.97%, 0, 0, 2, 128.51, 251203, 4869, 0, 0
2163, 0, 20, 1823, 1819, 505, 9.97%, 0, 0, 2, 128.22, 251871, 4869, 0, 0
2168, 0, 20, 1826, 1822, 505, 9.97%, 0, 0, 2, 125.48, 252514, 4869, 0, 0
2173, 0, 20, 1829, 1825, 505, 9.97%, 0, 0, 2, 127.16, 253167, 4869, 0, 0
2178, 0, 20, 1832, 1828, 505, 9.97%, 0, 0, 2, 110.40, 253698, 4869, 0, 0
2183, 0, 20, 1832, 1828, 505, 9.97%, 0, 0, 2, 124.25, 254362, 4869, 0, 0
2188, 0, 20, 1834, 1830, 505, 9.97%, 0, 0, 2, 122.74, 254994, 4869, 0, 0
2194, 0, 20, 1836, 1832, 505, 9.97%, 0, 0, 2, 125.98, 255646, 4869, 0, 0
2199, 0, 20, 1837, 1833, 505, 9.97%, 0, 0, 2, 126.82, 256301, 4869, 0, 0
2204, 0, 20, 1839, 1835, 505, 9.97%, 0, 0, 2, 127.04, 256947, 4870, 0, 0
2209, 0, 20, 1840, 1836, 505, 9.97%, 0, 0, 2, 129.75, 257610, 4870, 0, 0
2214, 0, 20, 1840, 1836, 505, 9.97%, 0, 0, 2, 127.90, 258270, 4870, 0, 0
2219, 0, 23, 1840, 1833, 505, 9.97%, 0, 0, 2, 131.35, 258950, 4870, 0, 0
2224, 0, 23, 1850, 1843, 505, 9.99%, 0, 0, 2, 132.54, 259626, 4881, 0, 0
2229, 0, 23, 1852, 1845, 505, 10.00%, 0, 0, 2, 123.53, 260251, 4882, 0, 0
2235, 0, 23, 1852, 1845, 505, 10.00%, 0, 0, 2, 123.52, 260891, 4882, 0, 0
2240, 0, 26, 1863, 1855, 513, 10.01%, 0, 0, 2, 122.88, 261484, 4887, 0, 0
2245, 0, 26, 1869, 1861, 513, 10.02%, 0, 0, 2, 113.02, 262066, 4891, 0, 0
2250, 0, 26, 1878, 1870, 513, 10.02%, 0, 0, 2, 124.16, 262727, 4891, 0, 0
2255, 0, 26, 1881, 1873, 513, 10.02%, 0, 0, 2, 129.86, 263406, 4895, 0, 0
2260, 0, 26, 1885, 1877, 513, 10.03%, 0, 0, 2, 129.34, 264066, 4897, 0, 0
2266, 0, 26, 1885, 1877, 513, 10.03%, 0, 0, 2, 127.76, 264732, 4897, 0, 0
2271, 0, 26, 1887, 1879, 513, 10.03%, 0, 0, 2, 129.14, 265398, 4897, 0, 0
2276, 0, 26, 1889, 1881, 513, 10.03%, 0, 0, 2, 131.70, 266078, 4898, 0, 0
2281, 0, 26, 1891, 1883, 513, 10.03%, 0, 0, 2, 131.71, 266746, 4898, 0, 0
2286, 0, 26, 1894, 1886, 513, 10.03%, 0, 0, 2, 124.94, 267351, 4900, 0, 0
2291, 0, 26, 1896, 1888, 513, 10.04%, 0, 0, 2, 135.49, 268059, 4901, 0, 0
2296, 0, 26, 1896, 1888, 513, 10.04%, 0, 0, 2, 116.50, 268637, 4901, 0, 0
2301, 0, 26, 1897, 1889, 513, 10.04%, 0, 0, 2, 116.57, 269186, 4901, 0, 0
2306, 0, 26, 1901, 1893, 513, 10.04%, 0, 0, 2, 127.77, 269868, 4901, 0, 0
2311, 0, 26, 1903, 1895, 513, 10.04%, 0, 0, 2, 115.21, 270450, 4901, 0, 0
2316, 0, 26, 1903, 1895, 513, 10.04%, 0, 0, 2, 117.53, 271024, 4901, 0, 0
2322, 0, 26, 1905, 1897, 513, 10.04%, 0, 0, 2, 130.57, 271708, 4901, 0, 0
2327, 0, 26, 1906, 1898, 513, 10.04%, 0, 0, 2, 124.77, 272353, 4901, 0, 0
2332, 0, 26, 1910, 1902, 513, 10.04%, 0, 0, 2, 128.34, 273004, 4903, 0, 0
2337, 0, 26, 1911, 1903, 513, 10.04%, 0, 0, 2, 118.51, 273616, 4904, 0, 0
2342, 0, 26, 1911, 1903, 513, 10.04%, 0, 0, 2, 103.43, 274130, 4904, 0, 0
2347, 0, 26, 1912, 1904, 513, 10.04%, 0, 0, 2, 124.50, 274789, 4904, 0, 0
2352, 0, 26, 1913, 1905, 513, 10.04%, 0, 0, 2, 128.45, 275456, 4904, 0, 0
2358, 0, 26, 1913, 1905, 513, 10.04%, 0, 0, 2, 113.51, 276042, 4904, 0, 0
2363, 0, 26, 1913, 1905, 513, 10.04%, 0, 0, 2, 124.76, 276690, 4904, 0, 0
2368, 0, 26, 1915, 1907, 513, 10.04%, 0, 0, 2, 117.87, 277316, 4905, 0, 0
2373, 0, 26, 1915, 1907, 513, 10.04%, 0, 0, 2, 119.72, 277912, 4905, 0, 0
2378, 0, 26, 1916, 1908, 513, 10.04%, 0, 0, 2, 128.72, 278585, 4905, 0, 0
2383, 0, 26, 1916, 1908, 513, 10.04%, 0, 0, 2, 131.46, 279245, 4905, 0, 0
2388, 0, 26, 1916, 1908, 513, 10.04%, 0, 0, 2, 133.51, 279923, 4905, 0, 0
2394, 0, 26, 1918, 1910, 513, 10.05%, 0, 0, 2, 125.40, 280571, 4907, 0, 0
2399, 0, 26, 1918, 1910, 513, 10.05%, 0, 0, 2, 110.99, 281123, 4907, 0, 0
2404, 0, 26, 1918, 1910, 513, 10.05%, 0, 0, 2, 117.67, 281751, 4907, 0, 0
2409, 0, 26, 1918, 1910, 513, 10.05%, 0, 0, 2, 119.71, 282377, 4907, 0, 0
2414, 0, 26, 1919, 1911, 513, 10.05%, 0, 0, 2, 115.82, 282970, 4907, 0, 0
2419, 0, 26, 1919, 1911, 513, 10.05%, 0, 0, 2, 122.89, 283616, 4907, 0, 0
2425, 0, 26, 1919, 1911, 513, 10.05%, 0, 0, 2, 125.30, 284270, 4907, 0, 0
2430, 0, 26, 1920, 1912, 513, 10.05%, 0, 0, 2, 136.73, 284997, 4907, 0, 0
2435, 0, 26, 1920, 1912, 513, 10.05%, 0, 0, 2, 137.51, 285705, 4907, 0, 0
2440, 0, 26, 1921, 1913, 513, 10.05%, 0, 0, 2, 137.30, 286406, 4907, 0, 0
2445, 0, 26, 1923, 1915, 513, 10.05%, 0, 0, 2, 131.71, 287072, 4907, 0, 0
2450, 0, 26, 1923, 1915, 513, 10.05%, 0, 0, 2, 131.54, 287756, 4907, 0, 0
2456, 0, 26, 1923, 1915, 513, 10.05%, 0, 0, 2, 121.89, 288386, 4907, 0, 0
2461, 0, 26, 1923, 1915, 513, 10.05%, 0, 0, 2, 130.02, 289074, 4907, 0, 0
2466, 0, 26, 1923, 1915, 513, 10.05%, 0, 0, 2, 134.21, 289768, 4907, 0, 0
2471, 0, 26, 1923, 1915, 513, 10.05%, 0, 0, 2, 137.02, 290470, 4907, 0, 0
2476, 0, 26, 1923, 1915, 513, 10.05%, 0, 0, 2, 106.45, 291024, 4907, 0, 0
2481, 0, 26, 1923, 1915, 513, 10.05%, 0, 0, 2, 124.81, 291654, 4907, 0, 0
2486, 0, 26, 1923, 1915, 513, 10.05%, 0, 0, 2, 129.37, 292338, 4907, 0, 0
2492, 0, 26, 1923, 1915, 513, 10.05%, 0, 0, 2, 133.77, 293018, 4907, 0, 0
2497, 0, 26, 1923, 1915, 513, 10.05%, 0, 0, 2, 128.25, 293676, 4907, 0, 0
2502, 0, 26, 1923, 1915, 513, 10.05%, 0, 0, 2, 134.85, 294374, 4907, 0, 0
2507, 0, 26, 1923, 1915, 513, 10.05%, 0, 0, 2, 135.43, 295072, 4907, 0, 0
2512, 0, 26, 1923, 1915, 513, 10.05%, 0, 0, 2, 134.27, 295766, 4907, 0, 0
2517, 0, 26, 1923, 1915, 513, 10.05%, 0, 0, 2, 124.78, 296372, 4907, 0, 0
2522, 0, 26, 1924, 1916, 513, 10.05%, 0, 0, 2, 131.91, 297037, 4907, 0, 0
2527, 0, 26, 1924, 1916, 513, 10.05%, 0, 0, 2, 130.28, 297711, 4907, 0, 0
2532, 0, 26, 1925, 1917, 513, 10.05%, 0, 0, 2, 131.52, 298380, 4907, 0, 0
2537, 0, 26, 1925, 1917, 513, 10.05%, 0, 0, 2, 108.01, 298866, 4907, 0, 0
2542, 0, 26, 1926, 1918, 513, 10.05%, 0, 0, 2, 129.10, 299543, 4907, 0, 0
2547, 0, 26, 1926, 1918, 513, 10.05%, 0, 0, 2, 130.59, 300199, 4907, 0, 0
2553, 0, 26, 1926, 1918, 513, 10.05%, 0, 0, 2, 128.73, 300861, 4907, 0, 0
2558, 0, 26, 1926, 1918, 513, 10.05%, 0, 0, 2, 134.45, 301559, 4907, 0, 0
2563, 0, 26, 1926, 1918, 513, 10.05%, 0, 0, 2, 141.44, 302287, 4907, 0, 0
2568, 0, 26, 1926, 1918, 513, 10.05%, 0, 0, 2, 142.27, 303023, 4907, 0, 0
2573, 0, 26, 1926, 1918, 513, 10.05%, 0, 0, 2, 139.61, 303737, 4907, 0, 0
2578, 0, 26, 1926, 1918, 513, 10.05%, 0, 0, 2, 134.17, 304419, 4907, 0, 0
2584, 0, 26, 1927, 1919, 513, 10.05%, 0, 0, 2, 138.10, 305124, 4907, 0, 0
2589, 0, 26, 1927, 1919, 513, 10.05%, 0, 0, 2, 131.76, 305802, 4907, 0, 0
2594, 0, 26, 1927, 1919, 513, 10.05%, 0, 0, 2, 122.36, 306418, 4907, 0, 0
2599, 0, 26, 1928, 1920, 513, 10.05%, 0, 0, 2, 117.23, 306971, 4907, 0, 0
2604, 0, 26, 1928, 1920, 513, 10.05%, 0, 0, 2, 124.93, 307647, 4907, 0, 0
2609, 0, 26, 1928, 1920, 513, 10.05%, 0, 0, 2, 125.98, 308295, 4907, 0, 0
2614, 0, 26, 1928, 1920, 513, 10.05%, 0, 0, 2, 128.56, 308967, 4907, 0, 0
2619, 0, 26, 1928, 1920, 513, 10.05%, 0, 0, 2, 132.95, 309637, 4907, 0, 0
2625, 0, 26, 1929, 1921, 513, 10.05%, 0, 0, 2, 134.49, 310340, 4907, 0, 0
2630, 0, 26, 1930, 1922, 513, 10.05%, 0, 0, 2, 131.01, 310995, 4907, 0, 0
2635, 0, 26, 1930, 1922, 513, 10.05%, 0, 0, 2, 130.04, 311673, 4907, 0, 0
2640, 0, 26, 1930, 1922, 513, 10.05%, 0, 0, 2, 132.71, 312333, 4907, 0, 0
2645, 0, 26, 1930, 1922, 513, 10.05%, 0, 0, 2, 129.36, 312983, 4907, 0, 0
2650, 0, 1569, 1930, 1920, 521, 10.05%, 0, 0, 2, 130.02, 313664, 4907, 0, 0
2655, 0, 1569, 1930, 1920, 521, 10.05%, 0, 0, 2, 115.09, 314278, 4907, 0, 0
2660, 0, 1569, 1930, 1920, 521, 10.05%, 0, 0, 2, 118.79, 314876, 4907, 0, 0
2666, 0, 1569, 1932, 1922, 521, 10.05%, 0, 0, 3, 123.74, 315536, 4907, 0, 0
2671, 0, 1569, 1932, 1922, 521, 10.05%, 0, 0, 3, 126.82, 316206, 4907, 0, 0
2676, 0, 1569, 1932, 1922, 521, 10.05%, 0, 0, 3, 127.55, 316846, 4907, 0, 0
2681, 0, 1569, 1932, 1922, 521, 10.05%, 0, 0, 3, 123.39, 317497, 4907, 0, 0
2686, 0, 1569, 1939, 1928, 520, 10.06%, 0, 0, 3, 95.24, 318008, 4914, 0, 0
2692, 0, 1569, 1968, 1957, 520, 10.08%, 0, 0, 3, 62.04, 318255, 4921, 0, 0
2697, 0, 1569, 1991, 1980, 520, 10.08%, 0, 0, 3, 45.86, 318452, 4925, 0, 0
2702, 0, 1569, 2025, 2014, 520, 10.09%, 0, 0, 3, 90.21, 318922, 4927, 0, 0
2707, 0, 1569, 2080, 2069, 520, 10.12%, 0, 0, 3, 85.62, 319387, 4940, 0, 0
2712, 0, 1569, 2107, 2096, 520, 10.13%, 0, 0, 3, 56.15, 319609, 4945, 0, 0
2718, 0, 1569, 2140, 2129, 520, 10.15%, 0, 0, 3, 50.65, 319881, 4955, 0, 0
2723, 0, 1569, 2179, 2168, 520, 10.17%, 0, 0, 3, 76.53, 320273, 4965, 0, 0
2728, 0, 1569, 2238, 2227, 520, 10.24%, 0, 0, 3, 95.49, 320816, 5002, 0, 0
2733, 0, 1569, 2266, 2255, 520, 10.26%, 0, 0, 3, 63.91, 321045, 5010, 0, 0
2738, 0, 1569, 2321, 2310, 520, 10.27%, 0, 0, 3, 74.77, 321490, 5016, 0, 0
2743, 0, 1569, 2384, 2373, 520, 10.34%, 0, 0, 3, 94.56, 321999, 5050, 0, 0
2748, 0, 1569, 2444, 2433, 520, 10.37%, 0, 0, 3, 91.92, 322480, 5062, 0, 0
2754, 0, 1569, 2505, 2494, 520, 10.38%, 0, 0, 3, 96.10, 322973, 5071, 0, 0
2759, 0, 1569, 2568, 2557, 520, 10.45%, 0, 0, 3, 96.66, 323481, 5102, 0, 0
2764, 0, 1569, 2631, 2620, 520, 10.49%, 0, 0, 3, 100.14, 323993, 5124, 0, 0
2769, 0, 1569, 2669, 2658, 520, 10.52%, 0, 0, 3, 68.62, 324298, 5138, 0, 0
2774, 0, 1569, 2700, 2689, 520, 10.56%, 0, 0, 3, 56.71, 324549, 5158, 0, 0
2779, 0, 1569, 2760, 2749, 520, 10.59%, 0, 0, 3, 92.44, 325045, 5171, 0, 0
2784, 0, 1569, 2814, 2803, 520, 10.60%, 0, 0, 3, 88.15, 325481, 5177, 0, 0
2789, 0, 1569, 2860, 2849, 520, 10.61%, 0, 0, 3, 76.97, 325849, 5179, 0, 0
2794, 0, 1569, 2931, 2920, 520, 10.64%, 0, 0, 3, 104.73, 326417, 5196, 0, 0
2800, 0, 1569, 2973, 2962, 520, 10.66%, 0, 0, 3, 75.18, 326754, 5205, 0, 0
2805, 0, 1569, 2995, 2984, 520, 10.66%, 0, 0, 3, 49.87, 326932, 5206, 0, 0
2810, 0, 2633, 2995, 2983, 651, 10.66%, 0, 0, 3, 101.72, 327519, 5206, 0, 0
2815, 0, 2633, 2996, 2984, 651, 10.66%, 0, 0, 3, 92.63, 327999, 5208, 0, 0
2820, 0, 2633, 2996, 2984, 651, 10.66%, 0, 0, 3, 100.20, 328485, 5208, 0, 0
2825, 0, 2633, 2997, 2985, 651, 10.66%, 0, 0, 3, 110.10, 329068, 5208, 0, 0
2830, 0, 38, 2997, 2984, 649, 10.66%, 0, 0, 3, 113.09, 329632, 5208, 0, 0
2835, 0, 2294, 2997, 2983, 648, 10.66%, 0, 0, 3, 89.47, 330072, 5208, 0, 0
2841, 0, 2294, 2997, 2983, 648, 10.66%, 0, 0, 3, 82.98, 330502, 5208, 0, 0
2846, 0, 2294, 2997, 2983, 648, 10.66%, 0, 0, 3, 87.58, 330956, 5208, 0, 0
2851, 0, 2294, 2998, 2984, 648, 10.66%, 0, 0, 3, 87.66, 331401, 5208, 0, 0
2856, 0, 2294, 2998, 2984, 648, 10.66%, 0, 0, 3, 98.93, 331911, 5208, 0, 0
2861, 0, 2294, 2998, 2984, 648, 10.66%, 0, 0, 3, 102.16, 332434, 5208, 0, 0
2866, 0, 2294, 3006, 2992, 648, 10.66%, 0, 0, 3, 94.08, 332910, 5208, 0, 0
2871, 0, 2294, 3009, 2995, 648, 10.66%, 0, 0, 3, 89.82, 333380, 5208, 0, 0
2876, 0, 2294, 3009, 2995, 648, 10.66%, 0, 0, 3, 85.51, 333820, 5208, 0, 0
2882, 0, 2294, 3015, 3001, 648, 10.66%, 0, 0, 3, 88.80, 334274, 5208, 0, 0
2887, 0, 2294, 3021, 3007, 648, 10.66%, 0, 0, 3, 79.76, 334688, 5208, 0, 0
2892, 0, 2294, 3026, 3012, 648, 10.66%, 0, 0, 3, 85.10, 335108, 5208, 0, 0
2897, 0, 2294, 3026, 3012, 648, 10.66%, 0, 0, 3, 108.21, 335687, 5208, 0, 0
2902, 0, 2294, 3026, 3012, 648, 10.66%, 0, 0, 3, 105.77, 336247, 5208, 0, 0
2907, 0, 805, 3026, 3008, 645, 10.66%, 0, 0, 3, 117.47, 336851, 5208, 0, 0
2912, 0, 805, 3026, 3008, 645, 10.66%, 0, 0, 3, 109.46, 337424, 5208, 0, 0
2917, 0, 2136, 3026, 3006, 643, 10.66%, 0, 0, 3, 75.38, 337796, 5208, 0, 0
2922, 0, 2136, 3026, 3006, 643, 10.66%, 0, 0, 3, 57.34, 338068, 5208, 0, 0
2927, 0, 2136, 3026, 3006, 643, 10.66%, 0, 0, 3, 59.95, 338359, 5208, 0, 0
2933, 0, 2136, 3026, 3006, 643, 10.66%, 0, 0, 3, 54.05, 338628, 5208, 0, 0
2938, 0, 2063, 3026, 3005, 643, 10.66%, 0, 0, 3, 64.76, 338930, 5208, 0, 0
2943, 0, 54, 3026, 3004, 642, 10.66%, 0, 0, 3, 94.04, 339462, 5208, 0, 0
2948, 0, 54, 3026, 3004, 642, 10.66%, 0, 0, 3, 95.74, 339954, 5208, 0, 0
2953, 0, 54, 3026, 3004, 642, 10.66%, 0, 0, 3, 104.67, 340501, 5208, 0, 0
2958, 0, 1346, 3026, 3002, 640, 10.66%, 0, 0, 3, 62.35, 340822, 5208, 0, 0
2963, 0, 1346, 3026, 3002, 640, 10.66%, 0, 0, 3, 45.89, 341027, 5208, 0, 0
2969, 0, 1346, 3026, 3002, 640, 10.66%, 0, 0, 3, 33.54, 341185, 5208, 0, 0
2974, 0, 1346, 3026, 3002, 640, 10.66%, 0, 0, 3, 42.72, 341429, 5208, 0, 0
2979, 0, 1346, 3026, 3002, 640, 10.66%, 0, 0, 3, 34.86, 341606, 5208, 0, 0
2984, 0, 1346, 3026, 3002, 640, 10.66%, 0, 0, 3, 38.22, 341777, 5208, 0, 0
2989, 0, 1346, 3026, 3002, 640, 10.66%, 0, 0, 3, 55.34, 342100, 5208, 0, 0
2994, 0, 1346, 3026, 3002, 640, 10.66%, 0, 0, 3, 50.27, 342349, 5208, 0, 0
2999, 0, 1346, 3026, 3002, 640, 10.66%, 0, 0, 3, 43.98, 342565, 5208, 0, 0
3004, 0, 1346, 3026, 3002, 640, 10.66%, 0, 0, 3, 40.79, 342768, 5208, 0, 0
3009, 0, 1346, 3026, 3002, 640, 10.66%, 0, 0, 3, 37.60, 342964, 5208, 0, 0
3015, 0, 1346, 3026, 3002, 640, 10.66%, 0, 0, 3, 34.33, 343138, 5208, 0, 0
3020, 0, 1346, 3026, 3002, 640, 10.66%, 0, 0, 3, 28.58, 343281, 5208, 0, 0
3025, 0, 1346, 3026, 3002, 640, 10.66%, 0, 0, 3, 23.38, 343396, 5208, 0, 0
3030, 0, 1346, 3026, 3002, 640, 10.66%, 0, 0, 3, 24.05, 343517, 5208, 0, 0
3035, 0, 1346, 3026, 3002, 640, 10.66%, 0, 0, 3, 24.27, 343640, 5208, 0, 0
3040, 0, 1346, 3026, 3002, 640, 10.66%, 0, 0, 3, 24.88, 343771, 5208, 0, 0
3045, 0, 1346, 3026, 3002, 640, 10.66%, 0, 0, 3, 42.41, 344008, 5208, 0, 0
3050, 0, 1346, 3026, 3002, 640, 10.66%, 0, 0, 3, 46.72, 344253, 5208, 0, 0
3055, 0, 1346, 3026, 3002, 640, 10.66%, 0, 0, 3, 41.77, 344465, 5208, 0, 0
3060, 0, 1346, 3026, 3002, 640, 10.66%, 0, 0, 3, 45.99, 344702, 5208, 0, 0
3065, 0, 1346, 3026, 3002, 640, 10.66%, 0, 0, 3, 49.52, 344951, 5208, 0, 0
3070, 0, 1346, 3026, 3002, 640, 10.66%, 0, 0, 3, 47.19, 345188, 5208, 0, 0
3076, 0, 1346, 3026, 3002, 640, 10.66%, 0, 0, 3, 51.07, 345447, 5208, 0, 0
3081, 0, 1346, 3026, 3002, 640, 10.66%, 0, 0, 3, 48.42, 345687, 5208, 0, 0
3086, 0, 1346, 3026, 3002, 640, 10.66%, 0, 0, 3, 47.68, 345931, 5208, 0, 0
3091, 0, 1346, 3026, 3002, 640, 10.66%, 0, 0, 3, 51.55, 346193, 5208, 0, 0
3096, 0, 1346, 3026, 3002, 640, 10.66%, 0, 0, 3, 47.41, 346426, 5208, 0, 0
3101, 0, 1346, 3026, 3002, 640, 10.66%, 0, 0, 3, 49.44, 346680, 5208, 0, 0
3106, 0, 1346, 3026, 3002, 640, 10.66%, 0, 0, 3, 51.13, 346938, 5208, 0, 0
3111, 0, 1346, 3026, 3002, 640, 10.66%, 0, 0, 3, 46.70, 347162, 5208, 0, 0
3116, 0, 1346, 3026, 3002, 640, 10.66%, 0, 0, 3, 47.31, 347410, 5208, 0, 0
3121, 0, 1346, 3026, 3002, 640, 10.66%, 0, 0, 3, 47.53, 347650, 5208, 0, 0
3127, 0, 1346, 3026, 3002, 640, 10.66%, 0, 0, 3, 46.36, 347891, 5208, 0, 0
3132, 0, 1346, 3026, 3002, 640, 10.66%, 0, 0, 3, 46.45, 348121, 5208, 0, 0
3137, 0, 1346, 3026, 3002, 640, 10.66%, 0, 0, 3, 48.40, 348369, 5208, 0, 0
3142, 0, 1346, 3026, 3002, 640, 10.66%, 0, 0, 3, 42.97, 348590, 5208, 0, 0
3147, 0, 1346, 3026, 3002, 640, 10.66%, 0, 0, 3, 45.46, 348825, 5208, 0, 0
3152, 0, 1346, 3026, 3002, 640, 10.66%, 0, 0, 3, 47.14, 349064, 5208, 0, 0
3157, 0, 1346, 3026, 3002, 640, 10.66%, 0, 0, 3, 43.91, 349279, 5208, 0, 0
3162, 0, 1346, 3026, 3002, 640, 10.66%, 0, 0, 3, 44.61, 349504, 5208, 0, 0
3167, 0, 1346, 3026, 3002, 640, 10.66%, 0, 0, 3, 47.46, 349759, 5208, 0, 0
3172, 0, 1346, 3026, 3002, 640, 10.66%, 0, 0, 3, 46.44, 349989, 5208, 0, 0
3178, 0, 1346, 3026, 3002, 640, 10.66%, 0, 0, 3, 46.61, 350227, 5208, 0, 0
3183, 0, 1346, 3026, 3002, 640, 10.66%, 0, 0, 3, 44.39, 350458, 5208, 0, 0
3188, 0, 1346, 3026, 3002, 640, 10.66%, 0, 0, 3, 47.91, 350706, 5208, 0, 0
3193, 0, 1346, 3026, 3002, 640, 10.66%, 0, 0, 3, 45.95, 350941, 5208, 0, 0
3198, 0, 1346, 3026, 3002, 640, 10.66%, 0, 0, 3, 46.93, 351184, 5208, 0, 0
3203, 0, 1346, 3026, 3002, 640, 10.66%, 0, 0, 3, 42.94, 351410, 5208, 0, 0
3208, 0, 1346, 3026, 3002, 640, 10.66%, 0, 0, 3, 44.97, 351642, 5208, 0, 0
3214, 0, 1346, 3026, 3002, 640, 10.66%, 0, 0, 3, 48.41, 351880, 5208, 0, 0
3219, 0, 1346, 3026, 3002, 640, 10.66%, 0, 0, 3, 46.92, 352105, 5208, 0, 0
3224, 0, 1346, 3026, 3002, 640, 10.66%, 0, 0, 3, 46.02, 352326, 5208, 0, 0
3229, 0, 1346, 3026, 3002, 640, 10.66%, 0, 0, 3, 44.18, 352551, 5208, 0, 0
3234, 0, 1346, 3026, 3002, 640, 10.66%, 0, 0, 3, 40.75, 352759, 5208, 0, 0
3239, 0, 1346, 3026, 3002, 640, 10.66%, 0, 0, 3, 39.76, 352968, 5208, 0, 0
3244, 0, 1346, 3026, 3002, 640, 10.66%, 0, 0, 3, 36.45, 353160, 5208, 0, 0
3249, 0, 1346, 3026, 3002, 640, 10.66%, 0, 0, 3, 41.48, 353385, 5208, 0, 0
3255, 0, 1346, 3026, 3002, 640, 10.66%, 0, 0, 3, 42.15, 353612, 5208, 0, 0
3260, 0, 1346, 3026, 3002, 640, 10.66%, 0, 0, 3, 40.18, 353820, 5208, 0, 0
3265, 0, 1346, 3026, 3002, 640, 10.66%, 0, 0, 3, 38.33, 354004, 5208, 0, 0
3270, 0, 1346, 3026, 3002, 640, 10.66%, 0, 0, 3, 41.84, 354226, 5208, 0, 0
3275, 0, 1346, 3026, 3002, 640, 10.66%, 0, 0, 3, 41.64, 354439, 5208, 0, 0
3280, 0, 1346, 3026, 3002, 640, 10.66%, 0, 0, 3, 42.27, 354651, 5208, 0, 0
3285, 0, 1346, 3026, 3002, 640, 10.66%, 0, 0, 3, 37.79, 354844, 5208, 0, 0
3290, 0, 1346, 3026, 3002, 640, 10.66%, 0, 0, 3, 42.30, 355068, 5208, 0, 0
3295, 0, 1346, 3026, 3002, 640, 10.66%, 0, 0, 3, 42.11, 355277, 5208, 0, 0
3301, 0, 1346, 3026, 3002, 640, 10.66%, 0, 0, 3, 39.68, 355484, 5208, 0, 0
3306, 0, 1346, 3026, 3002, 640, 10.66%, 0, 0, 3, 35.21, 355663, 5208, 0, 0
3311, 0, 1346, 3026, 3002, 640, 10.66%, 0, 0, 3, 39.25, 355865, 5208, 0, 0
3316, 0, 1346, 3026, 3002, 640, 10.66%, 0, 0, 3, 40.04, 356064, 5208, 0, 0
3321, 0, 1346, 3026, 3002, 640, 10.66%, 0, 0, 3, 43.19, 356288, 5208, 0, 0
3326, 0, 1346, 3026, 3002, 640, 10.66%, 0, 0, 3, 41.28, 356488, 5208, 0, 0
3331, 0, 1346, 3026, 3002, 640, 10.66%, 0, 0, 3, 39.99, 356688, 5208, 0, 0
3336, 0, 1346, 3026, 3002, 640, 10.66%, 0, 0, 3, 41.82, 356904, 5208, 0, 0
3341, 0, 1346, 3026, 3002, 640, 10.66%, 0, 0, 3, 40.39, 357112, 5208, 0, 0
3347, 0, 1346, 3026, 3002, 640, 10.66%, 0, 0, 3, 42.49, 357329, 5208, 0, 0
3352, 0, 1346, 3026, 3002, 640, 10.66%, 0, 0, 3, 39.72, 357534, 5208, 0, 0
3357, 0, 1346, 3026, 3002, 640, 10.66%, 0, 0, 3, 39.46, 357743, 5208, 0, 0
3362, 0, 1346, 3026, 3002, 640, 10.66%, 0, 0, 3, 42.37, 357971, 5208, 0, 0
3367, 0, 1346, 3026, 3002, 640, 10.66%, 0, 0, 3, 44.15, 358191, 5208, 0, 0
3372, 0, 1346, 3027, 3003, 640, 10.66%, 0, 0, 3, 40.75, 358393, 5208, 0, 0
3378, 0, 1346, 3027, 3003, 640, 10.66%, 0, 0, 3, 38.78, 358593, 5208, 0, 0
3383, 0, 1346, 3027, 3003, 640, 10.66%, 0, 0, 3, 45.10, 358824, 5208, 0, 0
3388, 0, 1346, 3027, 3003, 640, 10.66%, 0, 0, 3, 44.96, 359034, 5208, 0, 0
3393, 0, 1346, 3027, 3003, 640, 10.66%, 0, 0, 3, 45.61, 359261, 5208, 0, 0
3398, 0, 1346, 3027, 3003, 640, 10.66%, 0, 0, 3, 42.34, 359448, 5208, 0, 0
3403, 0, 1346, 3027, 3003, 640, 10.66%, 0, 0, 3, 41.35, 359647, 5208, 0, 0
3408, 0, 1346, 3027, 3003, 640, 10.66%, 0, 0, 3, 34.93, 359838, 5208, 0, 0
3413, 0, 1346, 3027, 3003, 640, 10.66%, 0, 0, 3, 25.23, 359954, 5208, 0, 0
3419, 0, 1346, 3027, 3003, 640, 10.66%, 0, 0, 3, 17.97, 360035, 5208, 0, 0
3424, 0, 1346, 3027, 3003, 640, 10.66%, 0, 0, 3, 17.86, 360127, 5208, 0, 0
3429, 0, 1346, 3027, 3003, 640, 10.66%, 0, 0, 3, 18.02, 360215, 5208, 0, 0
3434, 0, 1346, 3027, 3003, 640, 10.66%, 0, 0, 3, 18.97, 360299, 5208, 0, 0
3439, 0, 1346, 3027, 3003, 640, 10.66%, 0, 0, 3, 20.91, 360410, 5208, 0, 0
3444, 0, 1346, 3027, 3003, 640, 10.66%, 0, 0, 3, 16.50, 360491, 5208, 0, 0
3449, 0, 1346, 3027, 3003, 640, 10.66%, 0, 0, 3, 16.77, 360576, 5208, 0, 0
3454, 0, 1346, 3027, 3003, 640, 10.66%, 0, 0, 3, 15.70, 360663, 5208, 0, 0
3459, 0, 1346, 3027, 3003, 640, 10.66%, 0, 0, 3, 13.60, 360726, 5208, 0, 0
3464, 0, 1346, 3027, 3003, 640, 10.66%, 0, 0, 3, 16.12, 360813, 5208, 0, 0
3470, 0, 1346, 3027, 3003, 640, 10.66%, 0, 0, 3, 16.26, 360893, 5208, 0, 0
3475, 0, 1346, 3027, 3003, 640, 10.66%, 0, 0, 3, 18.42, 360989, 5208, 0, 0
3480, 0, 1346, 3027, 3003, 640, 10.66%, 0, 0, 3, 16.49, 361067, 5208, 0, 0
3485, 0, 1346, 3027, 3003, 640, 10.66%, 0, 0, 3, 17.38, 361157, 5208, 0, 0
3490, 0, 1346, 3027, 3003, 640, 10.66%, 0, 0, 3, 31.68, 361324, 5208, 0, 0
3495, 0, 1346, 3027, 3003, 640, 10.66%, 0, 0, 3, 38.12, 361534, 5208, 0, 0
3500, 0, 1346, 3027, 3003, 640, 10.66%, 0, 0, 3, 41.30, 361747, 5208, 0, 0
3505, 0, 1346, 3027, 3003, 640, 10.66%, 0, 0, 3, 39.15, 361944, 5208, 0, 0
3510, 0, 1346, 3027, 3003, 640, 10.66%, 0, 0, 3, 40.52, 362155, 5208, 0, 0
3515, 0, 1346, 3027, 3003, 640, 10.66%, 0, 0, 3, 41.66, 362373, 5208, 0, 0
3520, 0, 1346, 3027, 3003, 640, 10.66%, 0, 0, 3, 40.91, 362574, 5208, 0, 0
3525, 0, 1346, 3027, 3003, 640, 10.66%, 0, 0, 3, 44.25, 362801, 5208, 0, 0
3530, 0, 1346, 3027, 3003, 640, 10.66%, 0, 0, 3, 43.09, 363017, 5208, 0, 0
3536, 0, 1346, 3027, 3003, 640, 10.66%, 0, 0, 3, 40.47, 363225, 5208, 0, 0
3541, 0, 1346, 3027, 3003, 640, 10.66%, 0, 0, 3, 42.92, 363436, 5208, 0, 0
3546, 0, 1346, 3027, 3003, 640, 10.66%, 0, 0, 3, 41.89, 363646, 5208, 0, 0
3551, 0, 1346, 3027, 3003, 640, 10.66%, 0, 0, 3, 39.40, 363846, 5208, 0, 0
3556, 0, 1346, 3027, 3003, 640, 10.66%, 0, 0, 3, 41.01, 364063, 5208, 0, 0
3561, 0, 1346, 3027, 3003, 640, 10.66%, 0, 0, 3, 40.88, 364267, 5208, 0, 0
3566, 0, 1346, 3027, 3003, 640, 10.66%, 0, 0, 3, 38.62, 364472, 5208, 0, 0
3572, 0, 1346, 3027, 3003, 640, 10.66%, 0, 0, 3, 42.14, 364676, 5208, 0, 0
3577, 0, 1346, 3027, 3003, 640, 10.66%, 0, 0, 3, 42.25, 364892, 5208, 0, 0
3582, 0, 1346, 3027, 3003, 640, 10.66%, 0, 0, 3, 39.26, 365089, 5208, 0, 0
3587, 0, 1346, 3027, 3003, 640, 10.66%, 0, 0, 3, 34.35, 365258, 5208, 0, 0
3592, 0, 1346, 3027, 3003, 640, 10.66%, 0, 0, 3, 34.03, 365432, 5208, 0, 0
3597, 0, 2531, 3027, 3002, 639, 10.66%, 0, 0, 3, 51.13, 365676, 5208, 0, 0
3603, 0, 2690, 3027, 3001, 638, 10.66%, 0, 0, 3, 66.80, 366069, 5208, 0, 0
3604, 0, 2690, 3027, 3001, 638, 10.66%, 0, 0, 3, 71.94, 366181, 5208, 0, 0
