# relative_time, cycles_done, cur_item, corpus_count, pending_total, pending_favs, map_size, saved_crashes, saved_hangs, max_depth, execs_per_sec, total_execs, edges_found, total_crashes, servers_count
60, 0, 0, 732, 732, 153, 6.05%, 0, 0, 2, 593.44, 45562, 8513, 0, 0
65, 0, 0, 743, 743, 153, 6.05%, 0, 0, 2, 564.40, 48422, 8516, 0, 0
71, 0, 0, 746, 746, 153, 6.05%, 0, 0, 2, 550.15, 51259, 8516, 0, 0
76, 0, 0, 751, 751, 153, 6.05%, 0, 0, 2, 552.04, 54110, 8517, 0, 0
81, 0, 0, 755, 755, 153, 6.05%, 0, 0, 2, 671.85, 57532, 8517, 0, 0
86, 0, 0, 766, 766, 153, 6.05%, 0, 0, 2, 739.47, 61286, 8522, 0, 0
91, 0, 0, 775, 775, 153, 6.05%, 0, 0, 2, 739.89, 64919, 8522, 0, 0
96, 0, 8, 999, 998, 283, 6.15%, 0, 0, 2, 609.04, 67860, 8656, 0, 0
101, 0, 8, 1035, 1034, 283, 6.19%, 0, 0, 2, 644.89, 71178, 8713, 0, 0
106, 0, 8, 1038, 1037, 283, 6.19%, 0, 0, 2, 588.60, 74156, 8717, 0, 0
111, 0, 8, 1053, 1052, 283, 6.19%, 0, 0, 2, 678.83, 77574, 8721, 0, 0
116, 0, 8, 1074, 1073, 283, 6.21%, 0, 0, 2, 735.04, 81473, 8738, 0, 0
121, 0, 8, 1096, 1095, 283, 6.22%, 0, 0, 2, 701.56, 85051, 8757, 0, 0
126, 0, 8, 1105, 1104, 283, 6.22%, 0, 0, 2, 698.64, 88606, 8761, 0, 0
131, 0, 8, 1114, 1113, 283, 6.22%, 0, 0, 2, 673.08, 92041, 8761, 0, 0
136, 0, 8, 1121, 1120, 283, 6.22%, 0, 0, 2, 686.00, 95522, 8763, 0, 0
141, 0, 8, 1133, 1132, 283, 6.23%, 0, 0, 2, 734.64, 99288, 8775, 0, 0
147, 0, 8, 1137, 1136, 283, 6.23%, 0, 0, 2, 693.01, 102758, 8777, 0, 0
152, 0, 8, 1145, 1144, 283, 6.23%, 0, 0, 2, 735.49, 106511, 8778, 0, 0
157, 0, 8, 1150, 1149, 283, 6.24%, 0, 0, 2, 667.42, 109882, 8781, 0, 0
162, 0, 8, 1154, 1153, 283, 6.24%, 0, 0, 2, 601.35, 113021, 8783, 0, 0
167, 0, 8, 1157, 1156, 283, 6.24%, 0, 0, 2, 703.31, 116634, 8784, 0, 0
172, 0, 8, 1160, 1159, 283, 6.24%, 0, 0, 2, 697.90, 120131, 8786, 0, 0
177, 0, 8, 1164, 1163, 283, 6.24%, 0, 0, 2, 733.61, 123907, 8788, 0, 0
182, 0, 8, 1169, 1168, 283, 6.24%, 0, 0, 2, 656.43, 127253, 8788, 0, 0
187, 0, 9, 1171, 1169, 369, 6.24%, 0, 0, 2, 54.65, 128710, 8788, 0, 0
193, 0, 9, 1171, 1169, 369, 6.24%, 0, 0, 2, 67.31, 129073, 8788, 0, 0
198, 0, 9, 1171, 1169, 369, 6.24%, 0, 0, 2, 64.63, 129438, 8788, 0, 0
203, 0, 9, 1194, 1192, 369, 6.24%, 0, 0, 2, 102.83, 129935, 8788, 0, 0
208, 0, 9, 1222, 1220, 369, 6.24%, 0, 0, 2, 96.11, 130442, 8788, 0, 0
213, 0, 9, 1230, 1228, 369, 6.24%, 0, 0, 2, 85.97, 130871, 8788, 0, 0
218, 0, 9, 1233, 1231, 369, 6.24%, 0, 0, 2, 64.80, 131171, 8788, 0, 0
223, 0, 9, 1240, 1238, 369, 6.24%, 0, 0, 2, 51.50, 131417, 8788, 0, 0
228, 0, 9, 1241, 1239, 369, 6.24%, 0, 0, 2, 49.59, 131671, 8788, 0, 0
233, 0, 9, 1242, 1240, 369, 6.24%, 0, 0, 2, 52.33, 131942, 8789, 0, 0
239, 0, 9, 1247, 1245, 369, 6.24%, 0, 0, 2, 69.64, 132269, 8790, 0, 0
244, 0, 9, 1249, 1247, 369, 6.24%, 0, 0, 2, 80.02, 132667, 8790, 0, 0
249, 0, 9, 1251, 1249, 369, 6.24%, 0, 0, 2, 74.38, 133048, 8792, 0, 0
254, 0, 9, 1253, 1251, 369, 6.25%, 0, 0, 2, 67.68, 133395, 8794, 0, 0
259, 0, 9, 1254, 1252, 369, 6.25%, 0, 0, 2, 64.68, 133710, 8798, 0, 0
264, 0, 9, 1254, 1252, 369, 6.25%, 0, 0, 2, 65.14, 134058, 8798, 0, 0
269, 0, 9, 1256, 1254, 369, 6.25%, 0, 0, 2, 73.27, 134423, 8802, 0, 0
274, 0, 9, 1258, 1256, 369, 6.25%, 0, 0, 2, 79.11, 134824, 8806, 0, 0
279, 0, 9, 1259, 1257, 369, 6.26%, 0, 0, 2, 71.07, 135166, 8809, 0, 0
284, 0, 9, 1260, 1258, 369, 6.26%, 0, 0, 2, 70.54, 135542, 8810, 0, 0
290, 0, 9, 1261, 1259, 369, 6.26%, 0, 0, 2, 70.76, 135927, 8810, 0, 0
295, 0, 9, 1261, 1259, 369, 6.26%, 0, 0, 2, 79.69, 136304, 8810, 0, 0
300, 0, 9, 1261, 1259, 369, 6.26%, 0, 0, 2, 83.60, 136721, 8810, 0, 0
305, 0, 9, 1263, 1261, 369, 6.26%, 0, 0, 2, 88.98, 137174, 8812, 0, 0
310, 0, 9, 1263, 1261, 369, 6.26%, 0, 0, 2, 87.11, 137603, 8812, 0, 0
315, 0, 9, 1263, 1261, 369, 6.26%, 0, 0, 2, 78.77, 138002, 8812, 0, 0
320, 0, 9, 1264, 1262, 369, 6.26%, 0, 0, 2, 84.81, 138442, 8812, 0, 0
325, 0, 9, 1267, 1265, 369, 6.26%, 0, 0, 2, 74.88, 138810, 8819, 0, 0
331, 0, 9, 1268, 1266, 369, 6.27%, 0, 0, 2, 75.49, 139186, 8821, 0, 0
336, 0, 9, 1270, 1268, 369, 6.27%, 0, 0, 2, 84.05, 139577, 8824, 0, 0
341, 0, 9, 1274, 1272, 369, 6.27%, 0, 0, 2, 77.61, 139971, 8832, 0, 0
346, 0, 9, 1274, 1272, 369, 6.27%, 0, 0, 2, 81.72, 140411, 8832, 0, 0
351, 0, 9, 1276, 1274, 369, 6.27%, 0, 0, 2, 86.95, 140843, 8835, 0, 0
356, 0, 9, 1278, 1276, 369, 6.28%, 0, 0, 2, 83.34, 141264, 8837, 0, 0
361, 0, 9, 1278, 1276, 369, 6.28%, 0, 0, 2, 82.89, 141674, 8837, 0, 0
367, 0, 9, 1279, 1277, 369, 6.28%, 0, 0, 2, 84.31, 142104, 8837, 0, 0
372, 0, 9, 1280, 1278, 369, 6.28%, 0, 0, 2, 75.78, 142487, 8841, 0, 0
377, 0, 9, 1280, 1278, 369, 6.28%, 0, 0, 2, 76.27, 142884, 8841, 0, 0
382, 0, 9, 1280, 1278, 369, 6.28%, 0, 0, 2, 78.27, 143291, 8841, 0, 0
387, 0, 9, 1282, 1280, 369, 6.28%, 0, 0, 2, 76.59, 143679, 8842, 0, 0
392, 0, 9, 1282, 1280, 369, 6.28%, 0, 0, 2, 78.98, 144062, 8842, 0, 0
397, 0, 9, 1282, 1280, 369, 6.28%, 0, 0, 2, 78.43, 144457, 8842, 0, 0
402, 0, 9, 1282, 1280, 369, 6.28%, 0, 0, 2, 73.59, 144820, 8842, 0, 0
408, 0, 9, 1283, 1281, 369, 6.28%, 0, 0, 2, 77.63, 145214, 8844, 0, 0
413, 0, 9, 1283, 1281, 369, 6.28%, 0, 0, 2, 72.86, 145580, 8844, 0, 0
418, 0, 9, 1283, 1281, 369, 6.28%, 0, 0, 2, 73.41, 145928, 8844, 0, 0
423, 0, 9, 1283, 1281, 369, 6.28%, 0, 0, 2, 74.71, 146310, 8844, 0, 0
428, 0, 9, 1284, 1282, 369, 6.28%, 0, 0, 2, 71.87, 146690, 8844, 0, 0
433, 0, 9, 1285, 1283, 369, 6.28%, 0, 0, 2, 65.13, 147029, 8846, 0, 0
438, 0, 9, 1286, 1284, 369, 6.28%, 0, 0, 2, 60.09, 147354, 8847, 0, 0
443, 0, 9, 1286, 1284, 369, 6.28%, 0, 0, 2, 67.64, 147697, 8847, 0, 0
448, 0, 9, 1286, 1284, 369, 6.28%, 0, 0, 2, 73.92, 148070, 8847, 0, 0
453, 0, 9, 1286, 1284, 369, 6.28%, 0, 0, 2, 71.07, 148427, 8847, 0, 0
458, 0, 9, 1286, 1284, 369, 6.28%, 0, 0, 2, 77.26, 148810, 8847, 0, 0
463, 0, 9, 1288, 1286, 369, 6.28%, 0, 0, 2, 89.05, 149269, 8849, 0, 0
468, 0, 9, 1293, 1291, 369, 6.29%, 0, 0, 2, 80.48, 149645, 8853, 0, 0
473, 0, 9, 1293, 1291, 369, 6.29%, 0, 0, 2, 76.34, 150031, 8853, 0, 0
478, 0, 9, 1293, 1291, 369, 6.29%, 0, 0, 2, 76.57, 150398, 8853, 0, 0
483, 0, 9, 1293, 1291, 369, 6.29%, 0, 0, 2, 77.46, 150777, 8853, 0, 0
489, 0, 9, 1293, 1291, 369, 6.29%, 0, 0, 2, 72.68, 151141, 8853, 0, 0
494, 0, 9, 1293, 1291, 369, 6.29%, 0, 0, 2, 81.25, 151552, 8853, 0, 0
499, 0, 9, 1293, 1291, 369, 6.29%, 0, 0, 2, 82.91, 151997, 8853, 0, 0
504, 0, 9, 1293, 1291, 369, 6.29%, 0, 0, 2, 80.99, 152391, 8853, 0, 0
509, 0, 9, 1293, 1291, 369, 6.29%, 0, 0, 2, 70.01, 152742, 8853, 0, 0
514, 0, 9, 1296, 1294, 369, 6.29%, 0, 0, 2, 72.16, 153115, 8855, 0, 0
519, 0, 9, 1296, 1294, 369, 6.29%, 0, 0, 2, 61.33, 153403, 8855, 0, 0
524, 0, 9, 1296, 1294, 369, 6.29%, 0, 0, 2, 64.40, 153728, 8855, 0, 0
529, 0, 9, 1297, 1295, 369, 6.29%, 0, 0, 2, 58.43, 154036, 8857, 0, 0
534, 0, 9, 1298, 1296, 369, 6.29%, 0, 0, 2, 66.08, 154390, 8858, 0, 0
540, 0, 9, 1299, 1297, 369, 6.29%, 0, 0, 2, 75.57, 154784, 8858, 0, 0
545, 0, 9, 1299, 1297, 369, 6.29%, 0, 0, 2, 75.11, 155151, 8858, 0, 0
550, 0, 9, 1302, 1300, 369, 6.29%, 0, 0, 2, 65.41, 155488, 8858, 0, 0
555, 0, 9, 1302, 1300, 369, 6.29%, 0, 0, 2, 63.83, 155818, 8858, 0, 0
560, 0, 9, 1303, 1301, 369, 6.29%, 0, 0, 2, 59.62, 156110, 8859, 0, 0
565, 0, 9, 1304, 1302, 369, 6.29%, 0, 0, 2, 63.20, 156459, 8859, 0, 0
570, 0, 9, 1307, 1305, 369, 6.29%, 0, 0, 2, 65.27, 156784, 8861, 0, 0
575, 0, 9, 1307, 1305, 369, 6.29%, 0, 0, 2, 54.35, 157055, 8861, 0, 0
580, 0, 9, 1308, 1306, 369, 6.29%, 0, 0, 2, 58.37, 157357, 8862, 0, 0
586, 0, 9, 1308, 1306, 369, 6.29%, 0, 0, 2, 56.65, 157662, 8862, 0, 0
591, 0, 9, 1308, 1306, 369, 6.29%, 0, 0, 2, 64.71, 158010, 8862, 0, 0
596, 0, 9, 1308, 1306, 369, 6.29%, 0, 0, 2, 68.96, 158367, 8862, 0, 0
601, 0, 9, 1308, 1306, 369, 6.29%, 0, 0, 2, 66.63, 158696, 8862, 0, 0
606, 0, 9, 1308, 1306, 369, 6.29%, 0, 0, 2, 59.94, 158983, 8862, 0, 0
611, 0, 9, 1310, 1308, 369, 6.30%, 0, 0, 2, 67.62, 159351, 8864, 0, 0
616, 0, 9, 1310, 1308, 369, 6.30%, 0, 0, 2, 56.76, 159649, 8864, 0, 0
621, 0, 9, 1310, 1308, 369, 6.30%, 0, 0, 2, 59.66, 159955, 8864, 0, 0
627, 0, 9, 1311, 1309, 369, 6.30%, 0, 0, 2, 55.09, 160227, 8865, 0, 0
632, 0, 9, 1312, 1310, 369, 6.30%, 0, 0, 2, 58.40, 160498, 8865, 0, 0
637, 0, 9, 1312, 1310, 369, 6.30%, 0, 0, 2, 61.13, 160813, 8865, 0, 0
642, 0, 9, 1312, 1310, 369, 6.30%, 0, 0, 2, 62.40, 161138, 8865, 0, 0
647, 0, 9, 1313, 1311, 369, 6.30%, 0, 0, 2, 66.55, 161478, 8866, 0, 0
652, 0, 9, 1313, 1311, 369, 6.30%, 0, 0, 2, 63.42, 161785, 8866, 0, 0
657, 0, 9, 1313, 1311, 369, 6.30%, 0, 0, 2, 61.72, 162083, 8866, 0, 0
662, 0, 9, 1313, 1311, 369, 6.30%, 0, 0, 2, 72.51, 162457, 8866, 0, 0
667, 0, 9, 1313, 1311, 369, 6.30%, 0, 0, 2, 70.04, 162791, 8866, 0, 0
672, 0, 9, 1313, 1311, 369, 6.30%, 0, 0, 2, 62.50, 163106, 8866, 0, 0
677, 0, 9, 1313, 1311, 369, 6.30%, 0, 0, 2, 70.35, 163459, 8866, 0, 0
682, 0, 9, 1313, 1311, 369, 6.30%, 0, 0, 2, 72.21, 163815, 8866, 0, 0
688, 0, 9, 1313, 1311, 369, 6.30%, 0, 0, 2, 69.52, 164169, 8866, 0, 0
693, 0, 9, 1313, 1311, 369, 6.30%, 0, 0, 2, 69.40, 164515, 8866, 0, 0
698, 0, 9, 1314, 1312, 369, 6.30%, 0, 0, 2, 67.97, 164838, 8867, 0, 0
703, 0, 9, 1314, 1312, 369, 6.30%, 0, 0, 2, 67.66, 165184, 8867, 0, 0
708, 0, 9, 1314, 1312, 369, 6.30%, 0, 0, 2, 68.52, 165529, 8867, 0, 0
713, 0, 9, 1314, 1312, 369, 6.30%, 0, 0, 2, 68.13, 165864, 8867, 0, 0
718, 0, 9, 1315, 1313, 369, 6.30%, 0, 0, 2, 63.26, 166184, 8867, 0, 0
723, 0, 9, 1315, 1313, 369, 6.30%, 0, 0, 2, 65.79, 166542, 8867, 0, 0
728, 0, 9, 1316, 1314, 369, 6.30%, 0, 0, 2, 62.21, 166860, 8870, 0, 0
733, 0, 9, 1316, 1314, 369, 6.30%, 0, 0, 2, 60.47, 167156, 8870, 0, 0
738, 0, 9, 1316, 1314, 369, 6.30%, 0, 0, 2, 61.57, 167441, 8870, 0, 0
743, 0, 9, 1316, 1314, 369, 6.30%, 0, 0, 2, 65.99, 167789, 8870, 0, 0
749, 0, 9, 1316, 1314, 369, 6.30%, 0, 0, 2, 68.52, 168144, 8870, 0, 0
754, 0, 9, 1316, 1314, 369, 6.30%, 0, 0, 2, 63.38, 168478, 8870, 0, 0
759, 0, 9, 1316, 1314, 369, 6.30%, 0, 0, 2, 64.13, 168808, 8870, 0, 0
764, 0, 9, 1316, 1314, 369, 6.30%, 0, 0, 2, 60.73, 169105, 8870, 0, 0
769, 0, 9, 1317, 1315, 369, 6.30%, 0, 0, 2, 52.26, 169358, 8870, 0, 0
774, 0, 9, 1318, 1316, 369, 6.30%, 0, 0, 2, 60.05, 169674, 8870, 0, 0
779, 0, 9, 1318, 1316, 369, 6.30%, 0, 0, 2, 60.42, 169977, 8870, 0, 0
784, 0, 9, 1318, 1316, 369, 6.30%, 0, 0, 2, 61.98, 170291, 8870, 0, 0
790, 0, 9, 1318, 1316, 369, 6.30%, 0, 0, 2, 64.24, 170607, 8870, 0, 0
795, 0, 9, 1318, 1316, 369, 6.30%, 0, 0, 2, 67.50, 170950, 8870, 0, 0
800, 0, 9, 1319, 1317, 369, 6.30%, 0, 0, 2, 74.80, 171323, 8870, 0, 0
805, 0, 9, 1322, 1320, 369, 6.30%, 0, 0, 2, 55.70, 171586, 8873, 0, 0
810, 0, 9, 1322, 1320, 369, 6.30%, 0, 0, 2, 56.71, 171863, 8873, 0, 0
815, 0, 9, 1323, 1321, 369, 6.30%, 0, 0, 2, 52.14, 172125, 8874, 0, 0
820, 0, 9, 1323, 1321, 369, 6.30%, 0, 0, 2, 58.05, 172408, 8874, 0, 0
825, 0, 9, 1323, 1321, 369, 6.30%, 0, 0, 2, 60.99, 172735, 8874, 0, 0
830, 0, 9, 1324, 1322, 369, 6.30%, 0, 0, 2, 70.43, 173074, 8875, 0, 0
835, 0, 9, 1325, 1323, 369, 6.31%, 0, 0, 2, 78.08, 173477, 8879, 0, 0
840, 0, 9, 1328, 1326, 369, 6.31%, 0, 0, 2, 71.27, 173831, 8880, 0, 0
845, 0, 9, 1332, 1330, 369, 6.31%, 0, 0, 2, 52.43, 174070, 8884, 0, 0
850, 0, 9, 1332, 1330, 369, 6.31%, 0, 0, 2, 47.26, 174295, 8884, 0, 0
855, 0, 9, 1332, 1330, 369, 6.31%, 0, 0, 2, 49.27, 174553, 8884, 0, 0
861, 0, 9, 1332, 1330, 369, 6.31%, 0, 0, 2, 59.59, 174880, 8884, 0, 0
866, 0, 9, 1332, 1330, 369, 6.31%, 0, 0, 2, 53.09, 175147, 8884, 0, 0
871, 0, 9, 1332, 1330, 369, 6.31%, 0, 0, 2, 53.47, 175415, 8884, 0, 0
876, 0, 9, 1332, 1330, 369, 6.31%, 0, 0, 2, 49.52, 175673, 8884, 0, 0
881, 0, 9, 1332, 1330, 369, 6.31%, 0, 0, 2, 46.68, 175908, 8884, 0, 0
886, 0, 9, 1332, 1330, 369, 6.31%, 0, 0, 2, 47.58, 176161, 8884, 0, 0
891, 0, 9, 1332, 1330, 369, 6.31%, 0, 0, 2, 59.84, 176492, 8884, 0, 0
896, 0, 9, 1333, 1331, 369, 6.31%, 0, 0, 2, 80.60, 176949, 8884, 0, 0
901, 0, 9, 1333, 1331, 369, 6.31%, 0, 0, 2, 63.57, 177241, 8884, 0, 0
906, 0, 9, 1333, 1331, 369, 6.31%, 0, 0, 2, 63.15, 177531, 8884, 0, 0
912, 0, 9, 1333, 1331, 369, 6.31%, 0, 0, 2, 53.47, 177777, 8884, 0, 0
917, 0, 9, 1333, 1331, 369, 6.31%, 0, 0, 2, 74.27, 178173, 8884, 0, 0
922, 0, 9, 1334, 1332, 369, 6.31%, 0, 0, 2, 90.90, 178697, 8885, 0, 0
927, 0, 9, 1334, 1332, 369, 6.31%, 0, 0, 2, 90.26, 179155, 8885, 0, 0
932, 0, 9, 1334, 1332, 369, 6.31%, 0, 0, 2, 83.50, 179574, 8885, 0, 0
937, 0, 9, 1334, 1332, 369, 6.31%, 0, 0, 2, 101.98, 180115, 8885, 0, 0
942, 0, 9, 1334, 1332, 369, 6.31%, 0, 0, 2, 112.96, 180683, 8885, 0, 0
948, 0, 9, 1334, 1332, 369, 6.31%, 0, 0, 2, 85.56, 181091, 8885, 0, 0
953, 0, 9, 1334, 1332, 369, 6.31%, 0, 0, 2, 105.13, 181609, 8885, 0, 0
958, 0, 9, 1334, 1332, 369, 6.31%, 0, 0, 2, 90.87, 182050, 8885, 0, 0
963, 0, 9, 1334, 1332, 369, 6.31%, 0, 0, 2, 78.37, 182438, 8885, 0, 0
968, 0, 9, 1334, 1332, 369, 6.31%, 0, 0, 2, 83.42, 182888, 8885, 0, 0
973, 0, 9, 1334, 1332, 369, 6.31%, 0, 0, 2, 98.36, 183436, 8885, 0, 0
979, 0, 9, 1334, 1332, 369, 6.31%, 0, 0, 2, 79.96, 183832, 8885, 0, 0
984, 0, 9, 1343, 1341, 369, 6.31%, 0, 0, 2, 87.82, 184290, 8885, 0, 0
989, 0, 9, 1352, 1350, 369, 6.31%, 0, 0, 2, 98.36, 184806, 8886, 0, 0
994, 0, 9, 1360, 1358, 369, 6.31%, 0, 0, 2, 88.46, 185226, 8888, 0, 0
999, 0, 9, 1362, 1360, 369, 6.31%, 0, 0, 2, 87.78, 185679, 8888, 0, 0
1004, 0, 9, 1366, 1364, 369, 6.31%, 0, 0, 2, 95.44, 186169, 8888, 0, 0
1009, 0, 9, 1369, 1367, 369, 6.31%, 0, 0, 2, 92.56, 186651, 8888, 0, 0
1014, 0, 9, 1370, 1368, 369, 6.31%, 0, 0, 2, 89.76, 187116, 8889, 0, 0
1020, 0, 9, 1373, 1371, 369, 6.31%, 0, 0, 2, 90.80, 187570, 8889, 0, 0
1025, 0, 9, 1375, 1373, 369, 6.31%, 0, 0, 2, 85.45, 187994, 8889, 0, 0
1030, 0, 9, 1376, 1374, 369, 6.31%, 0, 0, 2, 76.38, 188386, 8889, 0, 0
1035, 0, 9, 1377, 1375, 369, 6.31%, 0, 0, 2, 91.73, 188866, 8889, 0, 0
1040, 0, 9, 1378, 1376, 369, 6.31%, 0, 0, 2, 98.09, 189350, 8889, 0, 0
1045, 0, 9, 1380, 1378, 369, 6.31%, 0, 0, 2, 94.59, 189820, 8890, 0, 0
1050, 0, 9, 1380, 1378, 369, 6.31%, 0, 0, 2, 86.30, 190255, 8890, 0, 0
1055, 0, 9, 1380, 1378, 369, 6.31%, 0, 0, 2, 87.51, 190709, 8890, 0, 0
1061, 0, 9, 1382, 1380, 369, 6.31%, 0, 0, 2, 90.03, 191193, 8890, 0, 0
1066, 0, 9, 1384, 1382, 369, 6.31%, 0, 0, 2, 87.34, 191632, 8890, 0, 0
1071, 0, 9, 1385, 1383, 369, 6.31%, 0, 0, 2, 96.39, 192122, 8890, 0, 0
1076, 0, 9, 1385, 1383, 369, 6.31%, 0, 0, 2, 93.67, 192605, 8890, 0, 0
1081, 0, 9, 1386, 1384, 369, 6.31%, 0, 0, 2, 86.88, 193042, 8891, 0, 0
1086, 0, 9, 1387, 1385, 369, 6.31%, 0, 0, 2, 86.24, 193488, 8891, 0, 0
1092, 0, 9, 1387, 1385, 369, 6.31%, 0, 0, 2, 84.76, 193912, 8891, 0, 0
1097, 0, 9, 1389, 1387, 369, 6.31%, 0, 0, 2, 92.62, 194393, 8891, 0, 0
1102, 0, 9, 1389, 1387, 369, 6.31%, 0, 0, 2, 90.76, 194856, 8891, 0, 0
1107, 0, 9, 1392, 1390, 369, 6.31%, 0, 0, 2, 92.97, 195349, 8891, 0, 0
1112, 0, 9, 1394, 1392, 369, 6.31%, 0, 0, 2, 89.71, 195793, 8891, 0, 0
1117, 0, 9, 1394, 1392, 369, 6.31%, 0, 0, 2, 83.48, 196219, 8891, 0, 0
1122, 0, 9, 1396, 1394, 369, 6.32%, 0, 0, 2, 91.99, 196699, 8894, 0, 0
1128, 0, 9, 1397, 1395, 369, 6.32%, 0, 0, 2, 90.80, 197163, 8894, 0, 0
1133, 0, 9, 1398, 1396, 369, 6.32%, 0, 0, 2, 91.59, 197624, 8894, 0, 0
1138, 0, 9, 1399, 1397, 369, 6.32%, 0, 0, 2, 89.15, 198083, 8894, 0, 0
1143, 0, 9, 1399, 1397, 369, 6.32%, 0, 0, 2, 86.35, 198529, 8894, 0, 0
1148, 0, 9, 1400, 1398, 369, 6.32%, 0, 0, 2, 86.09, 198960, 8894, 0, 0
1153, 0, 9, 1402, 1400, 369, 6.32%, 0, 0, 2, 80.53, 199339, 8894, 0, 0
1158, 0, 9, 1402, 1400, 369, 6.32%, 0, 0, 2, 83.09, 199770, 8894, 0, 0
1163, 0, 9, 1402, 1400, 369, 6.32%, 0, 0, 2, 91.48, 200233, 8894, 0, 0
1168, 0, 9, 1403, 1401, 369, 6.32%, 0, 0, 2, 89.14, 200671, 8895, 0, 0
1174, 0, 9, 1404, 1402, 369, 6.32%, 0, 0, 2, 85.76, 201100, 8897, 0, 0
1179, 0, 9, 1405, 1403, 369, 6.32%, 0, 0, 2, 88.29, 201557, 8897, 0, 0
1184, 0, 9, 1406, 1404, 369, 6.32%, 0, 0, 2, 82.71, 201968, 8897, 0, 0
1189, 0, 9, 1407, 1405, 369, 6.32%, 0, 0, 2, 79.52, 202382, 8898, 0, 0
1194, 0, 9, 1407, 1405, 369, 6.32%, 0, 0, 2, 73.37, 202766, 8898, 0, 0
1199, 0, 9, 1407, 1405, 369, 6.32%, 0, 0, 2, 65.21, 203069, 8898, 0, 0
1204, 0, 9, 1408, 1406, 369, 6.32%, 0, 0, 2, 73.81, 203456, 8898, 0, 0
1209, 0, 9, 1409, 1407, 369, 6.32%, 0, 0, 2, 80.56, 203887, 8898, 0, 0
1215, 0, 9, 1410, 1408, 369, 6.32%, 0, 0, 2, 77.13, 204251, 8899, 0, 0
1220, 0, 9, 1411, 1409, 369, 6.32%, 0, 0, 2, 75.30, 204626, 8900, 0, 0
1225, 0, 9, 1413, 1411, 369, 6.32%, 0, 0, 2, 82.15, 205044, 8900, 0, 0
1230, 0, 9, 1414, 1412, 369, 6.32%, 0, 0, 2, 81.38, 205467, 8900, 0, 0
1235, 0, 9, 1417, 1415, 369, 6.32%, 0, 0, 2, 78.74, 205871, 8900, 0, 0
1240, 0, 9, 1418, 1416, 369, 6.32%, 0, 0, 2, 86.35, 206309, 8900, 0, 0
1245, 0, 9, 1419, 1417, 369, 6.32%, 0, 0, 2, 83.46, 206734, 8900, 0, 0
1250, 0, 9, 1420, 1418, 369, 6.32%, 0, 0, 2, 89.40, 207194, 8900, 0, 0
1255, 0, 9, 1421, 1419, 369, 6.32%, 0, 0, 2, 88.46, 207620, 8900, 0, 0
1261, 0, 9, 1423, 1421, 369, 6.32%, 0, 0, 2, 76.85, 207997, 8900, 0, 0
1266, 0, 9, 1423, 1421, 369, 6.32%, 0, 0, 2, 79.21, 208410, 8900, 0, 0
1271, 0, 9, 1425, 1423, 369, 6.32%, 0, 0, 2, 79.63, 208834, 8900, 0, 0
1276, 0, 9, 1425, 1423, 369, 6.32%, 0, 0, 2, 79.31, 209248, 8900, 0, 0
1281, 0, 9, 1425, 1423, 369, 6.32%, 0, 0, 2, 72.87, 209613, 8900, 0, 0
1286, 0, 9, 1426, 1424, 369, 6.32%, 0, 0, 2, 66.85, 209941, 8900, 0, 0
1291, 0, 9, 1427, 1425, 369, 6.32%, 0, 0, 2, 70.73, 210309, 8900, 0, 0
1296, 0, 9, 1428, 1426, 369, 6.32%, 0, 0, 2, 77.04, 210706, 8900, 0, 0
1301, 0, 9, 1431, 1429, 369, 6.32%, 0, 0, 2, 80.41, 211103, 8900, 0, 0
1306, 0, 9, 1431, 1429, 369, 6.32%, 0, 0, 2, 79.72, 211498, 8900, 0, 0
1312, 0, 9, 1432, 1430, 369, 6.32%, 0, 0, 2, 85.61, 211960, 8900, 0, 0
1317, 0, 9, 1433, 1431, 369, 6.32%, 0, 0, 2, 72.74, 212336, 8900, 0, 0
1322, 0, 9, 1433, 1431, 369, 6.32%, 0, 0, 2, 74.58, 212720, 8900, 0, 0
1327, 0, 9, 1433, 1431, 369, 6.32%, 0, 0, 2, 75.21, 213099, 8900, 0, 0
1332, 0, 9, 1436, 1434, 369, 6.32%, 0, 0, 2, 63.01, 213428, 8900, 0, 0
1337, 0, 9, 1436, 1434, 369, 6.32%, 0, 0, 2, 74.79, 213827, 8900, 0, 0
1342, 0, 9, 1436, 1434, 369, 6.32%, 0, 0, 2, 79.53, 214227, 8900, 0, 0
1347, 0, 9, 1436, 1434, 369, 6.32%, 0, 0, 2, 84.02, 214664, 8900, 0, 0
1353, 0, 9, 1438, 1436, 369, 6.32%, 0, 0, 2, 82.01, 215083, 8900, 0, 0
1358, 0, 9, 1438, 1436, 369, 6.32%, 0, 0, 2, 86.70, 215543, 8900, 0, 0
1363, 0, 9, 1438, 1436, 369, 6.32%, 0, 0, 2, 76.16, 215921, 8900, 0, 0
1368, 0, 9, 1439, 1437, 369, 6.32%, 0, 0, 2, 81.27, 216348, 8901, 0, 0
1373, 0, 9, 1440, 1438, 369, 6.32%, 0, 0, 2, 81.29, 216769, 8902, 0, 0
1378, 0, 9, 1441, 1439, 369, 6.32%, 0, 0, 2, 81.98, 217186, 8902, 0, 0
1383, 0, 9, 1441, 1439, 369, 6.32%, 0, 0, 2, 82.26, 217617, 8902, 0, 0
1389, 0, 9, 1441, 1439, 369, 6.32%, 0, 0, 2, 81.10, 218026, 8902, 0, 0
1394, 0, 9, 1442, 1440, 369, 6.32%, 0, 0, 2, 73.95, 218416, 8902, 0, 0
1399, 0, 9, 1443, 1441, 369, 6.32%, 0, 0, 2, 82.99, 218860, 8902, 0, 0
1404, 0, 9, 1443, 1441, 369, 6.32%, 0, 0, 2, 83.43, 219286, 8902, 0, 0
1409, 0, 9, 1444, 1442, 369, 6.32%, 0, 0, 2, 71.89, 219662, 8902, 0, 0
1414, 0, 9, 1445, 1443, 369, 6.32%, 0, 0, 2, 85.58, 220112, 8902, 0, 0
1419, 0, 9, 1447, 1445, 369, 6.32%, 0, 0, 2, 86.41, 220552, 8902, 0, 0
1425, 0, 9, 1448, 1446, 369, 6.32%, 0, 0, 2, 88.19, 221005, 8902, 0, 0
1430, 0, 9, 1450, 1448, 369, 6.32%, 0, 0, 2, 81.26, 221384, 8902, 0, 0
1435, 0, 9, 1450, 1448, 369, 6.32%, 0, 0, 2, 76.57, 221772, 8902, 0, 0
1440, 0, 9, 1450, 1448, 369, 6.32%, 0, 0, 2, 83.71, 222210, 8902, 0, 0
1445, 0, 9, 1451, 1449, 369, 6.32%, 0, 0, 2, 81.82, 222608, 8902, 0, 0
1450, 0, 9, 1452, 1450, 369, 6.32%, 0, 0, 2, 84.63, 223035, 8902, 0, 0
1455, 0, 9, 1454, 1452, 369, 6.32%, 0, 0, 2, 85.48, 223480, 8902, 0, 0
1460, 0, 9, 1455, 1453, 369, 6.32%, 0, 0, 2, 91.34, 223954, 8903, 0, 0
1465, 0, 9, 1457, 1455, 369, 6.32%, 0, 0, 2, 85.82, 224348, 8903, 0, 0
1470, 0, 9, 1457, 1455, 369, 6.32%, 0, 0, 2, 93.07, 224822, 8903, 0, 0
1476, 0, 9, 1457, 1455, 369, 6.32%, 0, 0, 2, 82.65, 225245, 8903, 0, 0
1481, 0, 9, 1457, 1455, 369, 6.32%, 0, 0, 2, 83.82, 225675, 8903, 0, 0
1486, 0, 9, 1457, 1455, 369, 6.32%, 0, 0, 2, 84.66, 226093, 8903, 0, 0
1491, 0, 9, 1457, 1455, 369, 6.32%, 0, 0, 2, 79.08, 226481, 8903, 0, 0
1496, 0, 9, 1458, 1456, 369, 6.32%, 0, 0, 2, 74.65, 226874, 8903, 0, 0
1501, 0, 9, 1458, 1456, 369, 6.32%, 0, 0, 2, 87.02, 227329, 8903, 0, 0
1506, 0, 9, 1458, 1456, 369, 6.32%, 0, 0, 2, 87.89, 227793, 8903, 0, 0
1511, 0, 9, 1458, 1456, 369, 6.32%, 0, 0, 2, 84.59, 228228, 8903, 0, 0
1517, 0, 9, 1459, 1457, 369, 6.32%, 0, 0, 2, 75.12, 228583, 8903, 0, 0
1522, 0, 9, 1459, 1457, 369, 6.32%, 0, 0, 2, 81.88, 228988, 8903, 0, 0
1527, 0, 9, 1459, 1457, 369, 6.32%, 0, 0, 2, 88.06, 229438, 8903, 0, 0
1532, 0, 9, 1459, 1457, 369, 6.32%, 0, 0, 2, 83.54, 229864, 8903, 0, 0
1537, 0, 9, 1459, 1457, 369, 6.32%, 0, 0, 2, 89.71, 230319, 8903, 0, 0
1542, 0, 9, 1459, 1457, 369, 6.32%, 0, 0, 2, 83.64, 230752, 8903, 0, 0
1547, 0, 9, 1459, 1457, 369, 6.32%, 0, 0, 2, 80.94, 231146, 8903, 0, 0
1552, 0, 9, 1460, 1458, 369, 6.32%, 0, 0, 2, 83.73, 231580, 8903, 0, 0
1558, 0, 9, 1460, 1458, 369, 6.32%, 0, 0, 2, 85.68, 232026, 8903, 0, 0
1563, 0, 9, 1461, 1459, 369, 6.32%, 0, 0, 2, 81.35, 232429, 8904, 0, 0
1568, 0, 9, 1461, 1459, 369, 6.32%, 0, 0, 2, 78.87, 232833, 8904, 0, 0
1573, 0, 9, 1462, 1460, 369, 6.33%, 0, 0, 2, 65.09, 233156, 8908, 0, 0
1578, 0, 9, 1463, 1461, 369, 6.33%, 0, 0, 2, 72.83, 233542, 8912, 0, 0
1583, 0, 9, 1463, 1461, 369, 6.33%, 0, 0, 2, 77.64, 233926, 8912, 0, 0
1588, 0, 9, 1463, 1461, 369, 6.33%, 0, 0, 2, 82.59, 234358, 8912, 0, 0
1593, 0, 9, 1464, 1462, 369, 6.33%, 0, 0, 2, 81.15, 234778, 8914, 0, 0
1598, 0, 9, 1465, 1463, 369, 6.33%, 0, 0, 2, 86.30, 235218, 8914, 0, 0
1603, 0, 9, 1466, 1464, 369, 6.33%, 0, 0, 2, 85.93, 235634, 8914, 0, 0
1608, 0, 9, 1466, 1464, 369, 6.33%, 0, 0, 2, 76.26, 235998, 8914, 0, 0
1613, 0, 11, 1537, 1534, 427, 6.38%, 0, 0, 2, 602.35, 238386, 8983, 0, 0
1618, 0, 11, 1538, 1535, 427, 6.38%, 0, 0, 2, 646.25, 241669, 8983, 0, 0
1624, 0, 11, 1568, 1565, 427, 6.40%, 0, 0, 2, 659.11, 244938, 9008, 0, 0
1629, 0, 11, 1578, 1575, 427, 6.40%, 0, 0, 2, 688.85, 248520, 9016, 0, 0
1634, 0, 11, 1583, 1580, 427, 6.40%, 0, 0, 2, 616.00, 251664, 9018, 0, 0
1639, 0, 11, 1627, 1624, 427, 6.41%, 0, 0, 2, 676.00, 255188, 9021, 0, 0
1644, 0, 11, 1645, 1642, 427, 6.41%, 0, 0, 2, 671.14, 258668, 9021, 0, 0
1649, 0, 11, 1652, 1649, 427, 6.41%, 0, 0, 2, 703.83, 262440, 9021, 0, 0
1654, 0, 11, 1659, 1656, 427, 6.41%, 0, 0, 2, 638.08, 265599, 9023, 0, 0
1659, 0, 11, 1663, 1660, 427, 6.41%, 0, 0, 2, 665.25, 268934, 9023, 0, 0
1664, 0, 11, 1665, 1662, 427, 6.41%, 0, 0, 2, 642.79, 272193, 9024, 0, 0
1670, 0, 11, 1668, 1665, 427, 6.41%, 0, 0, 2, 703.88, 275754, 9024, 0, 0
1675, 0, 11, 1671, 1668, 427, 6.41%, 0, 0, 2, 697.09, 279273, 9025, 0, 0
1680, 0, 11, 1675, 1672, 427, 6.41%, 0, 0, 2, 735.80, 282915, 9030, 0, 0
1685, 0, 11, 1675, 1672, 427, 6.41%, 0, 0, 2, 729.12, 286583, 9030, 0, 0
1690, 0, 11, 1679, 1676, 427, 6.41%, 0, 0, 2, 662.23, 289937, 9031, 0, 0
1695, 0, 11, 1684, 1681, 427, 6.41%, 0, 0, 2, 722.28, 293590, 9032, 0, 0
1700, 0, 11, 1687, 1684, 427, 6.41%, 0, 0, 2, 682.19, 296948, 9032, 0, 0
1705, 0, 11, 1688, 1685, 427, 6.41%, 0, 0, 2, 588.25, 299844, 9032, 0, 0
1710, 0, 11, 1690, 1687, 427, 6.41%, 0, 0, 2, 696.66, 303521, 9032, 0, 0
1715, 0, 12, 1717, 1713, 488, 6.42%, 0, 0, 2, 719.20, 307067, 9044, 0, 0
1720, 0, 12, 1734, 1730, 488, 6.43%, 0, 0, 2, 722.90, 310840, 9051, 0, 0
1725, 0, 12, 1744, 1740, 488, 6.43%, 0, 0, 2, 757.23, 314612, 9053, 0, 0
1730, 0, 12, 1746, 1742, 488, 6.43%, 0, 0, 2, 743.05, 318288, 9054, 0, 0
1735, 0, 17, 1762, 1755, 489, 6.44%, 0, 0, 3, 665.91, 321646, 9068, 0, 0
1740, 0, 17, 1774, 1767, 489, 6.44%, 0, 0, 3, 687.36, 324928, 9073, 0, 0
1745, 0, 17, 1780, 1773, 489, 6.45%, 0, 0, 3, 738.51, 328883, 9076, 0, 0
1750, 0, 17, 1783, 1776, 489, 6.45%, 0, 0, 3, 757.38, 332737, 9076, 0, 0
1756, 0, 17, 1788, 1781, 489, 6.45%, 0, 0, 3, 736.59, 336597, 9077, 0, 0
1761, 0, 17, 1791, 1784, 489, 6.45%, 0, 0, 3, 714.97, 340188, 9077, 0, 0
1766, 0, 17, 1793, 1786, 489, 6.45%, 0, 0, 3, 601.48, 343072, 9078, 0, 0
1771, 0, 17, 1793, 1786, 489, 6.45%, 0, 0, 3, 607.87, 346304, 9078, 0, 0
1776, 0, 17, 1794, 1787, 489, 6.45%, 0, 0, 3, 652.92, 349638, 9079, 0, 0
1781, 0, 20, 1837, 1829, 503, 6.45%, 0, 0, 3, 668.50, 352988, 9084, 0, 0
1786, 0, 20, 1853, 1845, 503, 6.45%, 0, 0, 3, 750.73, 356838, 9085, 0, 0
1791, 0, 20, 1865, 1857, 503, 6.46%, 0, 0, 3, 736.81, 360592, 9089, 0, 0
1796, 0, 20, 1870, 1862, 503, 6.46%, 0, 0, 3, 719.71, 364127, 9090, 0, 0
1801, 0, 20, 1882, 1874, 503, 6.46%, 0, 0, 3, 731.24, 367921, 9093, 0, 0
1806, 0, 20, 1886, 1878, 503, 6.46%, 0, 0, 3, 677.06, 371349, 9094, 0, 0
1812, 0, 20, 1890, 1882, 503, 6.46%, 0, 0, 3, 650.02, 374783, 9094, 0, 0
1817, 0, 20, 1894, 1886, 503, 6.46%, 0, 0, 3, 654.98, 378061, 9094, 0, 0
1822, 0, 20, 1898, 1890, 503, 6.46%, 0, 0, 3, 639.98, 381285, 9094, 0, 0
1827, 0, 20, 1900, 1892, 503, 6.46%, 0, 0, 3, 637.31, 384563, 9094, 0, 0
1832, 0, 20, 1902, 1894, 503, 6.46%, 0, 0, 3, 661.50, 387906, 9094, 0, 0
1837, 0, 20, 1904, 1896, 503, 6.46%, 0, 0, 3, 717.69, 391721, 9094, 0, 0
1842, 0, 20, 1908, 1900, 503, 6.46%, 0, 0, 3, 734.38, 395473, 9095, 0, 0
1847, 0, 20, 1910, 1902, 503, 6.46%, 0, 0, 3, 765.90, 399402, 9095, 0, 0
1852, 0, 21, 1912, 1903, 511, 6.46%, 0, 0, 3, 763.70, 403291, 9095, 0, 0
1857, 0, 21, 1971, 1961, 510, 6.48%, 0, 0, 3, 80.46, 404262, 9126, 0, 0
1862, 0, 21, 2098, 2088, 510, 6.51%, 0, 0, 3, 673.46, 405595, 9165, 0, 0
1868, 0, 21, 2207, 2197, 510, 6.57%, 0, 0, 3, 11.59, 406613, 9253, 0, 0
1873, 0, 21, 2400, 2390, 510, 6.62%, 0, 0, 3, 314.12, 408184, 9320, 0, 0
1878, 0, 21, 2542, 2532, 510, 6.66%, 0, 0, 3, 269.77, 409358, 9379, 0, 0
1883, 0, 24, 2569, 2557, 596, 6.67%, 0, 0, 3, 370.09, 411035, 9388, 0, 0
1888, 0, 24, 2571, 2559, 596, 6.67%, 0, 0, 3, 397.31, 413242, 9389, 0, 0
1893, 0, 24, 2574, 2562, 596, 6.67%, 0, 0, 3, 291.26, 414515, 9389, 0, 0
1898, 0, 24, 2574, 2562, 596, 6.67%, 0, 0, 3, 222.43, 415531, 9389, 0, 0
1903, 0, 24, 2575, 2563, 596, 6.67%, 0, 0, 3, 188.09, 416354, 9390, 0, 0
1909, 0, 24, 2576, 2564, 596, 6.67%, 0, 0, 3, 315.20, 418167, 9390, 0, 0
1914, 0, 24, 2577, 2565, 596, 6.67%, 0, 0, 3, 259.75, 419296, 9390, 0, 0
1919, 0, 873, 2580, 2565, 594, 6.67%, 0, 0, 3, 384.92, 421308, 9390, 0, 0
1924, 0, 1350, 2581, 2565, 593, 6.67%, 0, 0, 3, 43.66, 421858, 9390, 0, 0
1929, 0, 1350, 2581, 2565, 593, 6.67%, 0, 0, 3, 44.53, 422088, 9390, 0, 0
1934, 0, 1350, 2581, 2565, 593, 6.67%, 0, 0, 3, 41.31, 422283, 9390, 0, 0
1939, 0, 1350, 2581, 2565, 593, 6.67%, 0, 0, 3, 55.58, 422575, 9390, 0, 0
1944, 0, 1585, 2581, 2564, 592, 6.67%, 0, 0, 3, 480.70, 423121, 9390, 0, 0
1949, 0, 38, 2581, 2562, 590, 6.67%, 0, 0, 3, 272.91, 424397, 9390, 0, 0
1954, 0, 1304, 2581, 2558, 586, 6.67%, 0, 0, 3, 27.95, 425407, 9390, 0, 0
1959, 0, 1304, 2581, 2558, 586, 6.67%, 0, 0, 3, 24.51, 425526, 9390, 0, 0
1965, 0, 1304, 2581, 2558, 586, 6.67%, 0, 0, 3, 22.03, 425649, 9390, 0, 0
1970, 0, 1304, 2581, 2558, 586, 6.67%, 0, 0, 3, 26.69, 425795, 9390, 0, 0
1975, 0, 1304, 2581, 2558, 586, 6.67%, 0, 0, 3, 32.21, 425950, 9390, 0, 0
1980, 0, 1304, 2581, 2558, 586, 6.67%, 0, 0, 3, 40.69, 426186, 9390, 0, 0
1985, 0, 1304, 2581, 2558, 586, 6.67%, 0, 0, 3, 33.34, 426341, 9390, 0, 0
1990, 0, 1977, 2581, 2557, 585, 6.67%, 0, 0, 3, 73.97, 426734, 9390, 0, 0
1995, 0, 1977, 2581, 2557, 585, 6.67%, 0, 0, 3, 87.67, 427214, 9390, 0, 0
2001, 0, 1977, 2581, 2557, 585, 6.67%, 0, 0, 3, 96.83, 427734, 9390, 0, 0
2006, 0, 1977, 2581, 2557, 585, 6.67%, 0, 0, 3, 80.46, 428151, 9390, 0, 0
2011, 0, 2119, 2585, 2557, 581, 6.67%, 0, 0, 3, 519.48, 430483, 9390, 0, 0
2016, 0, 300, 2585, 2555, 580, 6.67%, 0, 0, 3, 611.39, 433809, 9390, 0, 0
2021, 0, 1285, 2585, 2552, 577, 6.67%, 0, 0, 3, 62.94, 435178, 9390, 0, 0
2026, 0, 1285, 2585, 2552, 577, 6.67%, 0, 0, 3, 69.47, 435530, 9390, 0, 0
2031, 0, 1285, 2585, 2552, 577, 6.67%, 0, 0, 3, 64.81, 435872, 9390, 0, 0
2036, 0, 2184, 2585, 2551, 576, 6.67%, 0, 0, 3, 472.15, 437320, 9390, 0, 0
2042, 0, 2426, 2586, 2551, 576, 6.67%, 0, 0, 3, 639.27, 440832, 9390, 0, 0
2047, 0, 2179, 2588, 2550, 574, 6.67%, 0, 0, 3, 642.73, 444152, 9390, 0, 0
2052, 0, 2179, 2590, 2552, 574, 6.67%, 0, 0, 3, 448.98, 447107, 9390, 0, 0
2057, 0, 860, 2609, 2568, 571, 6.67%, 0, 0, 3, 614.23, 450389, 9392, 0, 0
2062, 0, 860, 2609, 2568, 571, 6.67%, 0, 0, 3, 647.86, 453677, 9392, 0, 0
2067, 0, 80, 2609, 2567, 572, 6.67%, 0, 0, 3, 129.27, 456127, 9392, 0, 0
2072, 0, 80, 2613, 2571, 572, 6.67%, 0, 0, 3, 158.58, 457014, 9392, 0, 0
2077, 0, 80, 2649, 2607, 572, 6.67%, 0, 0, 3, 268.51, 458494, 9393, 0, 0
2082, 0, 80, 2658, 2616, 572, 6.67%, 0, 0, 3, 278.83, 459972, 9393, 0, 0
2087, 0, 80, 2661, 2619, 572, 6.67%, 0, 0, 3, 293.47, 461478, 9393, 0, 0
2092, 0, 80, 2663, 2621, 572, 6.67%, 0, 0, 3, 281.83, 462882, 9394, 0, 0
2097, 0, 80, 2665, 2623, 572, 6.67%, 0, 0, 3, 286.92, 464336, 9394, 0, 0
2102, 0, 80, 2667, 2625, 572, 6.67%, 0, 0, 3, 295.96, 465825, 9394, 0, 0
2107, 0, 80, 2668, 2626, 572, 6.67%, 0, 0, 3, 300.98, 467382, 9394, 0, 0
2113, 0, 80, 2668, 2626, 572, 6.67%, 0, 0, 3, 236.34, 468600, 9394, 0, 0
2118, 0, 80, 2669, 2627, 572, 6.67%, 0, 0, 3, 293.48, 470064, 9394, 0, 0
2123, 0, 1282, 2669, 2625, 571, 6.67%, 0, 0, 3, 70.32, 470683, 9394, 0, 0
2128, 0, 1282, 2669, 2625, 571, 6.67%, 0, 0, 3, 77.32, 471060, 9394, 0, 0
2133, 0, 1282, 2669, 2625, 571, 6.67%, 0, 0, 3, 57.98, 471322, 9394, 0, 0
2138, 0, 87, 2669, 2623, 569, 6.67%, 0, 0, 3, 581.34, 473668, 9394, 0, 0
2143, 0, 97, 2674, 2624, 565, 6.67%, 0, 0, 3, 700.19, 477427, 9397, 0, 0
2148, 0, 97, 2676, 2626, 565, 6.67%, 0, 0, 3, 718.27, 481067, 9398, 0, 0
2153, 0, 97, 2676, 2626, 565, 6.67%, 0, 0, 3, 734.74, 484833, 9398, 0, 0
2158, 0, 98, 2684, 2633, 566, 6.68%, 0, 0, 3, 715.08, 488385, 9400, 0, 0
2164, 0, 98, 2684, 2633, 566, 6.68%, 0, 0, 3, 742.60, 492235, 9400, 0, 0
2169, 0, 98, 2685, 2634, 566, 6.68%, 0, 0, 3, 748.23, 496022, 9400, 0, 0
2174, 0, 100, 2687, 2635, 565, 6.68%, 0, 0, 3, 793.39, 500064, 9401, 0, 0
2179, 0, 1696, 2690, 2634, 562, 6.68%, 0, 0, 3, 750.46, 503664, 9403, 0, 0
2184, 0, 110, 2699, 2642, 561, 6.70%, 0, 0, 3, 548.61, 506020, 9427, 0, 0
2189, 0, 110, 2703, 2646, 561, 6.70%, 0, 0, 3, 545.94, 508878, 9427, 0, 0
2194, 0, 110, 2707, 2650, 561, 6.70%, 0, 0, 3, 513.28, 511306, 9427, 0, 0
2199, 0, 110, 2709, 2652, 561, 6.70%, 0, 0, 3, 564.84, 514367, 9427, 0, 0
2204, 0, 115, 2731, 2672, 561, 6.70%, 0, 0, 3, 609.41, 517472, 9427, 0, 0
2209, 0, 115, 2740, 2681, 561, 6.70%, 0, 0, 3, 635.10, 520703, 9428, 0, 0
2214, 0, 115, 2744, 2685, 561, 6.70%, 0, 0, 3, 645.67, 523923, 9428, 0, 0
2219, 0, 117, 2754, 2692, 559, 6.70%, 0, 0, 3, 687.27, 527561, 9439, 0, 0
2225, 0, 117, 2762, 2700, 559, 6.70%, 0, 0, 3, 693.32, 531051, 9439, 0, 0
2230, 0, 117, 2765, 2703, 559, 6.70%, 0, 0, 3, 690.93, 534556, 9439, 0, 0
2235, 0, 117, 2769, 2707, 559, 6.70%, 0, 0, 3, 700.00, 538055, 9439, 0, 0
2240, 0, 117, 2771, 2709, 559, 6.70%, 0, 0, 3, 738.66, 541761, 9439, 0, 0
2245, 0, 117, 2772, 2710, 559, 6.70%, 0, 0, 3, 694.00, 545317, 9439, 0, 0
2250, 0, 117, 2773, 2711, 559, 6.71%, 0, 0, 3, 645.03, 548509, 9445, 0, 0
2255, 0, 117, 2774, 2712, 559, 6.71%, 0, 0, 3, 646.65, 551604, 9446, 0, 0
2260, 0, 117, 2774, 2712, 559, 6.71%, 0, 0, 3, 593.16, 554598, 9446, 0, 0
2265, 0, 117, 2776, 2714, 559, 6.71%, 0, 0, 3, 648.69, 558050, 9447, 0, 0
2270, 0, 117, 2776, 2714, 559, 6.71%, 0, 0, 3, 692.29, 561686, 9447, 0, 0
2275, 0, 117, 2777, 2715, 559, 6.71%, 0, 0, 3, 692.70, 565177, 9447, 0, 0
2281, 0, 120, 2778, 2715, 564, 6.71%, 0, 0, 3, 100.20, 566848, 9450, 0, 0
2286, 0, 120, 2778, 2715, 564, 6.71%, 0, 0, 3, 92.89, 567302, 9450, 0, 0
2291, 0, 120, 2778, 2715, 564, 6.71%, 0, 0, 3, 84.49, 567724, 9450, 0, 0
2296, 0, 120, 2778, 2715, 564, 6.71%, 0, 0, 3, 79.66, 568152, 9450, 0, 0
2301, 0, 120, 2781, 2718, 564, 6.71%, 0, 0, 3, 70.58, 568487, 9450, 0, 0
2306, 0, 120, 2793, 2730, 564, 6.71%, 0, 0, 3, 87.42, 568948, 9451, 0, 0
2311, 0, 120, 2797, 2734, 564, 6.71%, 0, 0, 3, 66.02, 569291, 9451, 0, 0
2316, 0, 120, 2801, 2738, 564, 6.71%, 0, 0, 3, 75.49, 569660, 9451, 0, 0
2322, 0, 120, 2801, 2738, 564, 6.71%, 0, 0, 3, 76.18, 570060, 9451, 0, 0
2327, 0, 120, 2801, 2738, 564, 6.71%, 0, 0, 3, 59.10, 570343, 9451, 0, 0
2332, 0, 120, 2807, 2744, 564, 6.71%, 0, 0, 3, 85.19, 570751, 9452, 0, 0
2337, 0, 120, 2810, 2747, 564, 6.71%, 0, 0, 3, 88.62, 571219, 9452, 0, 0
2342, 0, 120, 2810, 2747, 564, 6.71%, 0, 0, 3, 91.05, 571677, 9452, 0, 0
2347, 0, 120, 2810, 2747, 564, 6.71%, 0, 0, 3, 65.26, 571983, 9452, 0, 0
2352, 0, 120, 2810, 2747, 564, 6.71%, 0, 0, 3, 49.92, 572217, 9452, 0, 0
2357, 0, 120, 2810, 2747, 564, 6.71%, 0, 0, 3, 44.54, 572441, 9452, 0, 0
2363, 0, 120, 2810, 2747, 564, 6.71%, 0, 0, 3, 58.74, 572758, 9452, 0, 0
2368, 0, 120, 2810, 2747, 564, 6.71%, 0, 0, 3, 54.19, 573041, 9452, 0, 0
2373, 0, 120, 2810, 2747, 564, 6.71%, 0, 0, 3, 51.24, 573310, 9452, 0, 0
2378, 0, 120, 2810, 2747, 564, 6.71%, 0, 0, 3, 66.09, 573644, 9452, 0, 0
2383, 0, 120, 2810, 2747, 564, 6.71%, 0, 0, 3, 55.82, 573941, 9452, 0, 0
2388, 0, 120, 2810, 2747, 564, 6.71%, 0, 0, 3, 62.29, 574235, 9452, 0, 0
2393, 0, 120, 2810, 2747, 564, 6.71%, 0, 0, 3, 76.84, 574664, 9452, 0, 0
2398, 0, 120, 2810, 2747, 564, 6.71%, 0, 0, 3, 62.61, 574981, 9452, 0, 0
2403, 0, 120, 2810, 2747, 564, 6.71%, 0, 0, 3, 59.66, 575279, 9452, 0, 0
2408, 0, 120, 2810, 2747, 564, 6.71%, 0, 0, 3, 54.96, 575557, 9452, 0, 0
2414, 0, 120, 2810, 2747, 564, 6.71%, 0, 0, 3, 49.21, 575797, 9452, 0, 0
2419, 0, 120, 2810, 2747, 564, 6.71%, 0, 0, 3, 49.97, 576054, 9452, 0, 0
2424, 0, 120, 2811, 2748, 564, 6.71%, 0, 0, 3, 55.73, 576359, 9452, 0, 0
2429, 0, 120, 2811, 2748, 564, 6.71%, 0, 0, 3, 51.48, 576618, 9452, 0, 0
2434, 0, 120, 2811, 2748, 564, 6.71%, 0, 0, 3, 59.04, 576962, 9452, 0, 0
2439, 0, 120, 2811, 2748, 564, 6.71%, 0, 0, 3, 61.78, 577283, 9452, 0, 0
2444, 0, 120, 2811, 2748, 564, 6.71%, 0, 0, 3, 70.08, 577666, 9452, 0, 0
2449, 0, 120, 2811, 2748, 564, 6.71%, 0, 0, 3, 73.12, 578080, 9452, 0, 0
2454, 0, 120, 2811, 2748, 564, 6.71%, 0, 0, 3, 65.16, 578418, 9452, 0, 0
2460, 0, 120, 2811, 2748, 564, 6.71%, 0, 0, 3, 57.26, 578716, 9452, 0, 0
2465, 0, 120, 2811, 2748, 564, 6.71%, 0, 0, 3, 57.17, 579014, 9452, 0, 0
2470, 0, 120, 2811, 2748, 564, 6.71%, 0, 0, 3, 51.61, 579278, 9452, 0, 0
2475, 0, 120, 2811, 2748, 564, 6.71%, 0, 0, 3, 55.01, 579563, 9452, 0, 0
2480, 0, 120, 2811, 2748, 564, 6.71%, 0, 0, 3, 55.56, 579843, 9452, 0, 0
2485, 0, 120, 2811, 2748, 564, 6.71%, 0, 0, 3, 54.75, 580127, 9452, 0, 0
2490, 0, 120, 2811, 2748, 564, 6.71%, 0, 0, 3, 51.43, 580396, 9452, 0, 0
2495, 0, 120, 2811, 2748, 564, 6.71%, 0, 0, 3, 63.92, 580707, 9452, 0, 0
2500, 0, 120, 2811, 2748, 564, 6.71%, 0, 0, 3, 84.12, 581156, 9452, 0, 0
2505, 0, 120, 2811, 2748, 564, 6.71%, 0, 0, 3, 80.90, 581568, 9452, 0, 0
2511, 0, 120, 2811, 2748, 564, 6.71%, 0, 0, 3, 81.54, 582006, 9452, 0, 0
2516, 0, 120, 2811, 2748, 564, 6.71%, 0, 0, 3, 82.98, 582435, 9452, 0, 0
2521, 0, 120, 2811, 2748, 564, 6.71%, 0, 0, 3, 81.46, 582854, 9452, 0, 0
2526, 0, 120, 2811, 2748, 564, 6.71%, 0, 0, 3, 83.96, 583294, 9452, 0, 0
2531, 0, 120, 2811, 2748, 564, 6.71%, 0, 0, 3, 71.49, 583657, 9452, 0, 0
2536, 0, 120, 2811, 2748, 564, 6.71%, 0, 0, 3, 76.82, 584057, 9452, 0, 0
2541, 0, 120, 2811, 2748, 564, 6.71%, 0, 0, 3, 68.48, 584407, 9452, 0, 0
2547, 0, 120, 2811, 2748, 564, 6.71%, 0, 0, 3, 64.04, 584734, 9452, 0, 0
2552, 0, 120, 2811, 2748, 564, 6.71%, 0, 0, 3, 48.98, 584962, 9452, 0, 0
2557, 0, 120, 2811, 2748, 564, 6.71%, 0, 0, 3, 59.00, 585281, 9452, 0, 0
2562, 0, 120, 2811, 2748, 564, 6.71%, 0, 0, 3, 65.49, 585634, 9452, 0, 0
2567, 0, 120, 2811, 2748, 564, 6.71%, 0, 0, 3, 60.80, 585927, 9452, 0, 0
2572, 0, 120, 2811, 2748, 564, 6.71%, 0, 0, 3, 62.70, 586226, 9452, 0, 0
2577, 0, 120, 2811, 2748, 564, 6.71%, 0, 0, 3, 63.01, 586545, 9452, 0, 0
2582, 0, 120, 2811, 2748, 564, 6.71%, 0, 0, 3, 58.97, 586840, 9452, 0, 0
2587, 0, 120, 2811, 2748, 564, 6.71%, 0, 0, 3, 70.08, 587211, 9452, 0, 0
2592, 0, 120, 2811, 2748, 564, 6.71%, 0, 0, 3, 64.72, 587535, 9452, 0, 0
2597, 0, 120, 2811, 2748, 564, 6.71%, 0, 0, 3, 68.27, 587865, 9452, 0, 0
2602, 0, 120, 2811, 2748, 564, 6.71%, 0, 0, 3, 61.20, 588176, 9452, 0, 0
2608, 0, 120, 2811, 2748, 564, 6.71%, 0, 0, 3, 63.74, 588488, 9452, 0, 0
2613, 0, 120, 2811, 2748, 564, 6.71%, 0, 0, 3, 52.04, 588733, 9452, 0, 0
2618, 0, 120, 2811, 2748, 564, 6.71%, 0, 0, 3, 66.97, 589076, 9452, 0, 0
2623, 0, 120, 2811, 2748, 564, 6.71%, 0, 0, 3, 66.77, 589399, 9452, 0, 0
2628, 0, 120, 2811, 2748, 564, 6.71%, 0, 0, 3, 72.43, 589763, 9452, 0, 0
2633, 0, 120, 2811, 2748, 564, 6.71%, 0, 0, 3, 69.26, 590120, 9452, 0, 0
2638, 0, 120, 2811, 2748, 564, 6.71%, 0, 0, 3, 78.54, 590498, 9452, 0, 0
2643, 0, 120, 2811, 2748, 564, 6.71%, 0, 0, 3, 78.98, 590887, 9452, 0, 0
2648, 0, 120, 2811, 2748, 564, 6.71%, 0, 0, 3, 65.45, 591206, 9452, 0, 0
2653, 0, 120, 2811, 2748, 564, 6.71%, 0, 0, 3, 60.80, 591514, 9452, 0, 0
2658, 0, 120, 2811, 2748, 564, 6.71%, 0, 0, 3, 57.73, 591814, 9452, 0, 0
2664, 0, 120, 2811, 2748, 564, 6.71%, 0, 0, 3, 62.22, 592151, 9452, 0, 0
2669, 0, 120, 2811, 2748, 564, 6.71%, 0, 0, 3, 59.40, 592470, 9452, 0, 0
2674, 0, 120, 2811, 2748, 564, 6.71%, 0, 0, 3, 55.17, 592721, 9452, 0, 0
2679, 0, 120, 2811, 2748, 564, 6.71%, 0, 0, 3, 65.05, 593086, 9452, 0, 0
2684, 0, 120, 2811, 2748, 564, 6.71%, 0, 0, 3, 58.96, 593385, 9452, 0, 0
2689, 0, 120, 2811, 2748, 564, 6.71%, 0, 0, 3, 65.65, 593732, 9452, 0, 0
2694, 0, 120, 2811, 2748, 564, 6.71%, 0, 0, 3, 67.29, 594079, 9452, 0, 0
2699, 0, 120, 2811, 2748, 564, 6.71%, 0, 0, 3, 65.46, 594412, 9452, 0, 0
2704, 0, 120, 2811, 2748, 564, 6.71%, 0, 0, 3, 75.07, 594777, 9452, 0, 0
2709, 0, 120, 2811, 2748, 564, 6.71%, 0, 0, 3, 72.31, 595134, 9452, 0, 0
2715, 0, 120, 2811, 2748, 564, 6.71%, 0, 0, 3, 70.74, 595497, 9452, 0, 0
2720, 0, 120, 2811, 2748, 564, 6.71%, 0, 0, 3, 70.32, 595859, 9452, 0, 0
2725, 0, 120, 2811, 2748, 564, 6.71%, 0, 0, 3, 62.32, 596169, 9452, 0, 0
2730, 0, 120, 2811, 2748, 564, 6.71%, 0, 0, 3, 67.32, 596510, 9452, 0, 0
2735, 0, 120, 2811, 2748, 564, 6.71%, 0, 0, 3, 71.31, 596857, 9452, 0, 0
2740, 0, 120, 2811, 2748, 564, 6.71%, 0, 0, 3, 71.24, 597219, 9452, 0, 0
2745, 0, 120, 2811, 2748, 564, 6.71%, 0, 0, 3, 59.02, 597505, 9452, 0, 0
2750, 0, 120, 2811, 2748, 564, 6.71%, 0, 0, 3, 58.68, 597822, 9452, 0, 0
2755, 0, 120, 2811, 2748, 564, 6.71%, 0, 0, 3, 57.12, 598123, 9452, 0, 0
2760, 0, 120, 2811, 2748, 564, 6.71%, 0, 0, 3, 63.77, 598430, 9452, 0, 0
2765, 0, 120, 2811, 2748, 564, 6.71%, 0, 0, 3, 58.06, 598714, 9452, 0, 0
2770, 0, 120, 2811, 2748, 564, 6.71%, 0, 0, 3, 66.41, 599054, 9452, 0, 0
2775, 0, 120, 2811, 2748, 564, 6.71%, 0, 0, 3, 60.60, 599372, 9452, 0, 0
2780, 0, 120, 2811, 2748, 564, 6.71%, 0, 0, 3, 55.33, 599653, 9452, 0, 0
2785, 0, 120, 2811, 2748, 564, 6.71%, 0, 0, 3, 56.37, 599945, 9452, 0, 0
2790, 0, 120, 2811, 2748, 564, 6.71%, 0, 0, 3, 62.22, 600285, 9452, 0, 0
2796, 0, 120, 2811, 2748, 564, 6.71%, 0, 0, 3, 55.13, 600561, 9452, 0, 0
2801, 0, 120, 2811, 2748, 564, 6.71%, 0, 0, 3, 76.15, 600987, 9452, 0, 0
2806, 0, 120, 2811, 2748, 564, 6.71%, 0, 0, 3, 68.78, 601308, 9452, 0, 0
2811, 0, 120, 2811, 2748, 564, 6.71%, 0, 0, 3, 72.81, 601707, 9452, 0, 0
2816, 0, 120, 2811, 2748, 564, 6.71%, 0, 0, 3, 77.76, 602118, 9452, 0, 0
2821, 0, 120, 2811, 2748, 564, 6.71%, 0, 0, 3, 68.50, 602435, 9452, 0, 0
2826, 0, 120, 2812, 2749, 564, 6.71%, 0, 0, 3, 59.77, 602742, 9452, 0, 0
2831, 0, 120, 2812, 2749, 564, 6.71%, 0, 0, 3, 43.54, 602965, 9452, 0, 0
2836, 0, 120, 2812, 2749, 564, 6.71%, 0, 0, 3, 61.01, 603293, 9452, 0, 0
2841, 0, 120, 2812, 2749, 564, 6.71%, 0, 0, 3, 63.63, 603637, 9452, 0, 0
2847, 0, 120, 2812, 2749, 564, 6.71%, 0, 0, 3, 63.98, 603968, 9452, 0, 0
2852, 0, 120, 2812, 2749, 564, 6.71%, 0, 0, 3, 62.32, 604289, 9452, 0, 0
2857, 0, 120, 2812, 2749, 564, 6.71%, 0, 0, 3, 63.83, 604619, 9452, 0, 0
2862, 0, 120, 2812, 2749, 564, 6.71%, 0, 0, 3, 69.65, 604976, 9452, 0, 0
2867, 0, 120, 2812, 2749, 564, 6.71%, 0, 0, 3, 61.79, 605270, 9452, 0, 0
2872, 0, 120, 2812, 2749, 564, 6.71%, 0, 0, 3, 65.14, 605613, 9452, 0, 0
2877, 0, 120, 2812, 2749, 564, 6.71%, 0, 0, 3, 72.49, 605959, 9452, 0, 0
2882, 0, 120, 2812, 2749, 564, 6.71%, 0, 0, 3, 77.57, 606362, 9452, 0, 0
2887, 0, 120, 2812, 2749, 564, 6.71%, 0, 0, 3, 68.46, 606709, 9452, 0, 0
2892, 0, 120, 2812, 2749, 564, 6.71%, 0, 0, 3, 66.63, 607047, 9452, 0, 0
2898, 0, 120, 2812, 2749, 564, 6.71%, 0, 0, 3, 70.22, 607421, 9452, 0, 0
2903, 0, 120, 2812, 2749, 564, 6.71%, 0, 0, 3, 86.03, 607851, 9452, 0, 0
2908, 0, 120, 2813, 2750, 564, 6.71%, 0, 0, 3, 128.22, 608561, 9452, 0, 0
2913, 0, 120, 2814, 2751, 564, 6.71%, 0, 0, 3, 148.19, 609537, 9452, 0, 0
2918, 0, 120, 2816, 2753, 564, 6.71%, 0, 0, 3, 104.43, 610020, 9452, 0, 0
2923, 0, 120, 2816, 2753, 564, 6.71%, 0, 0, 3, 89.83, 610458, 9452, 0, 0
2928, 0, 120, 2817, 2754, 564, 6.71%, 0, 0, 3, 85.59, 610904, 9452, 0, 0
2934, 0, 120, 2818, 2755, 564, 6.71%, 0, 0, 3, 88.77, 611359, 9452, 0, 0
2939, 0, 120, 2819, 2756, 564, 6.71%, 0, 0, 3, 87.84, 611818, 9452, 0, 0
2944, 0, 120, 2819, 2756, 564, 6.71%, 0, 0, 3, 86.94, 612271, 9452, 0, 0
2949, 0, 120, 2819, 2756, 564, 6.71%, 0, 0, 3, 91.43, 612742, 9452, 0, 0
2954, 0, 120, 2819, 2756, 564, 6.71%, 0, 0, 3, 86.55, 613187, 9452, 0, 0
2959, 0, 120, 2820, 2757, 564, 6.71%, 0, 0, 3, 86.36, 613629, 9452, 0, 0
2965, 0, 120, 2820, 2757, 564, 6.71%, 0, 0, 3, 83.91, 614035, 9452, 0, 0
2970, 0, 120, 2820, 2757, 564, 6.71%, 0, 0, 3, 87.04, 614505, 9452, 0, 0
2975, 0, 120, 2820, 2757, 564, 6.71%, 0, 0, 3, 89.62, 614967, 9452, 0, 0
2980, 0, 120, 2820, 2757, 564, 6.71%, 0, 0, 3, 90.01, 615429, 9452, 0, 0
2985, 0, 120, 2820, 2757, 564, 6.71%, 0, 0, 3, 87.97, 615878, 9452, 0, 0
2990, 0, 120, 2820, 2757, 564, 6.71%, 0, 0, 3, 90.75, 616351, 9452, 0, 0
2995, 0, 120, 2820, 2757, 564, 6.71%, 0, 0, 3, 90.88, 616822, 9452, 0, 0
3001, 0, 120, 2820, 2757, 564, 6.71%, 0, 0, 3, 85.47, 617267, 9452, 0, 0
3006, 0, 120, 2821, 2758, 564, 6.71%, 0, 0, 3, 87.52, 617726, 9452, 0, 0
3011, 0, 120, 2821, 2758, 564, 6.71%, 0, 0, 3, 85.76, 618170, 9452, 0, 0
3016, 0, 120, 2821, 2758, 564, 6.71%, 0, 0, 3, 89.25, 618634, 9452, 0, 0
3021, 0, 120, 2822, 2759, 564, 6.71%, 0, 0, 3, 92.53, 619088, 9452, 0, 0
3026, 0, 120, 2822, 2759, 564, 6.71%, 0, 0, 3, 91.03, 619555, 9452, 0, 0
3031, 0, 120, 2822, 2759, 564, 6.71%, 0, 0, 3, 85.92, 619982, 9452, 0, 0
3036, 0, 120, 2822, 2759, 564, 6.71%, 0, 0, 3, 75.41, 620383, 9452, 0, 0
3042, 0, 120, 2822, 2759, 564, 6.71%, 0, 0, 3, 70.09, 620719, 9452, 0, 0
3047, 0, 120, 2822, 2759, 564, 6.71%, 0, 0, 3, 74.33, 621106, 9452, 0, 0
3052, 0, 120, 2822, 2759, 564, 6.71%, 0, 0, 3, 78.04, 621511, 9452, 0, 0
3057, 0, 120, 2822, 2759, 564, 6.71%, 0, 0, 3, 83.02, 621944, 9452, 0, 0
3062, 0, 120, 2823, 2760, 564, 6.71%, 0, 0, 3, 93.35, 622442, 9452, 0, 0
3067, 0, 120, 2823, 2760, 564, 6.71%, 0, 0, 3, 81.33, 622853, 9452, 0, 0
3073, 0, 120, 2823, 2760, 564, 6.71%, 0, 0, 3, 80.97, 623270, 9452, 0, 0
3078, 0, 120, 2824, 2761, 564, 6.71%, 0, 0, 3, 79.52, 623687, 9452, 0, 0
3083, 0, 120, 2825, 2762, 564, 6.71%, 0, 0, 3, 87.17, 624139, 9453, 0, 0
3088, 0, 120, 2825, 2762, 564, 6.71%, 0, 0, 3, 92.18, 624612, 9453, 0, 0
3093, 0, 120, 2825, 2762, 564, 6.71%, 0, 0, 3, 92.70, 625092, 9453, 0, 0
3098, 0, 120, 2825, 2762, 564, 6.71%, 0, 0, 3, 90.05, 625558, 9453, 0, 0
3104, 0, 120, 2825, 2762, 564, 6.71%, 0, 0, 3, 93.78, 626034, 9453, 0, 0
3109, 0, 120, 2825, 2762, 564, 6.71%, 0, 0, 3, 94.46, 626518, 9453, 0, 0
3114, 0, 120, 2825, 2762, 564, 6.71%, 0, 0, 3, 94.49, 627027, 9453, 0, 0
3119, 0, 120, 2825, 2762, 564, 6.71%, 0, 0, 3, 90.25, 627493, 9453, 0, 0
3124, 0, 120, 2825, 2762, 564, 6.71%, 0, 0, 3, 100.85, 628025, 9453, 0, 0
3129, 0, 120, 2825, 2762, 564, 6.71%, 0, 0, 3, 95.00, 628505, 9453, 0, 0
3134, 0, 120, 2825, 2762, 564, 6.71%, 0, 0, 3, 91.42, 628949, 9453, 0, 0
3140, 0, 120, 2825, 2762, 564, 6.71%, 0, 0, 3, 91.34, 629415, 9453, 0, 0
3145, 0, 120, 2825, 2762, 564, 6.71%, 0, 0, 3, 96.50, 629926, 9453, 0, 0
3150, 0, 120, 2825, 2762, 564, 6.71%, 0, 0, 3, 86.77, 630376, 9453, 0, 0
3155, 0, 120, 2825, 2762, 564, 6.71%, 0, 0, 3, 82.94, 630799, 9453, 0, 0
3160, 0, 120, 2825, 2762, 564, 6.71%, 0, 0, 3, 87.12, 631241, 9453, 0, 0
3166, 0, 120, 2825, 2762, 564, 6.71%, 0, 0, 3, 83.60, 631670, 9453, 0, 0
3171, 0, 120, 2825, 2762, 564, 6.71%, 0, 0, 3, 88.57, 632125, 9453, 0, 0
3176, 0, 120, 2825, 2762, 564, 6.71%, 0, 0, 3, 91.53, 632610, 9453, 0, 0
3181, 0, 120, 2825, 2762, 564, 6.71%, 0, 0, 3, 92.98, 633082, 9453, 0, 0
3186, 0, 120, 2825, 2762, 564, 6.71%, 0, 0, 3, 90.01, 633534, 9453, 0, 0
3191, 0, 120, 2825, 2762, 564, 6.71%, 0, 0, 3, 92.47, 634017, 9453, 0, 0
3196, 0, 120, 2825, 2762, 564, 6.71%, 0, 0, 3, 93.70, 634493, 9453, 0, 0
3202, 0, 120, 2826, 2763, 564, 6.71%, 0, 0, 3, 89.15, 634962, 9453, 0, 0
3207, 0, 120, 2826, 2763, 564, 6.71%, 0, 0, 3, 91.32, 635428, 9453, 0, 0
3212, 0, 120, 2826, 2763, 564, 6.71%, 0, 0, 3, 89.03, 635882, 9453, 0, 0
3217, 0, 120, 2826, 2763, 564, 6.71%, 0, 0, 3, 87.61, 636329, 9453, 0, 0
3222, 0, 120, 2826, 2763, 564, 6.71%, 0, 0, 3, 85.44, 636776, 9453, 0, 0
3227, 0, 120, 2826, 2763, 564, 6.71%, 0, 0, 3, 88.76, 637246, 9453, 0, 0
3233, 0, 120, 2826, 2763, 564, 6.71%, 0, 0, 3, 86.57, 637701, 9453, 0, 0
3238, 0, 120, 2826, 2763, 564, 6.71%, 0, 0, 3, 89.38, 638161, 9453, 0, 0
3243, 0, 120, 2826, 2763, 564, 6.71%, 0, 0, 3, 79.80, 638557, 9453, 0, 0
3248, 0, 120, 2826, 2763, 564, 6.71%, 0, 0, 3, 81.62, 638985, 9453, 0, 0
3253, 0, 120, 2826, 2763, 564, 6.71%, 0, 0, 3, 83.88, 639406, 9453, 0, 0
3258, 0, 120, 2827, 2764, 564, 6.71%, 0, 0, 3, 76.52, 639788, 9453, 0, 0
3263, 0, 120, 2827, 2764, 564, 6.71%, 0, 0, 3, 86.11, 640228, 9453, 0, 0
3268, 0, 120, 2827, 2764, 564, 6.71%, 0, 0, 3, 89.78, 640701, 9453, 0, 0
3274, 0, 120, 2827, 2764, 564, 6.71%, 0, 0, 3, 78.99, 641097, 9453, 0, 0
3279, 0, 120, 2828, 2765, 564, 6.71%, 0, 0, 3, 74.96, 641473, 9453, 0, 0
3284, 0, 120, 2828, 2765, 564, 6.71%, 0, 0, 3, 82.65, 641914, 9453, 0, 0
3289, 0, 120, 2828, 2765, 564, 6.71%, 0, 0, 3, 80.90, 642327, 9453, 0, 0
3294, 0, 120, 2828, 2765, 564, 6.71%, 0, 0, 3, 83.16, 642754, 9453, 0, 0
3300, 0, 120, 2828, 2765, 564, 6.71%, 0, 0, 3, 85.19, 643194, 9453, 0, 0
3305, 0, 120, 2828, 2765, 564, 6.71%, 0, 0, 3, 79.62, 643614, 9453, 0, 0
3310, 0, 120, 2828, 2765, 564, 6.71%, 0, 0, 3, 83.77, 644044, 9453, 0, 0
3315, 0, 120, 2828, 2765, 564, 6.71%, 0, 0, 3, 87.76, 644498, 9453, 0, 0
3320, 0, 120, 2828, 2765, 564, 6.71%, 0, 0, 3, 73.68, 644872, 9453, 0, 0
3325, 0, 120, 2828, 2765, 564, 6.71%, 0, 0, 3, 79.36, 645287, 9453, 0, 0
3330, 0, 120, 2828, 2765, 564, 6.71%, 0, 0, 3, 81.95, 645709, 9453, 0, 0
3336, 0, 120, 2828, 2765, 564, 6.71%, 0, 0, 3, 84.60, 646147, 9453, 0, 0
3341, 0, 120, 2828, 2765, 564, 6.71%, 0, 0, 3, 77.88, 646535, 9453, 0, 0
3346, 0, 120, 2828, 2765, 564, 6.71%, 0, 0, 3, 80.01, 646958, 9453, 0, 0
3351, 0, 120, 2828, 2765, 564, 6.71%, 0, 0, 3, 83.99, 647392, 9453, 0, 0
3356, 0, 2353, 2828, 2762, 565, 6.71%, 0, 0, 3, 563.39, 648339, 9453, 0, 0
3361, 0, 125, 2834, 2767, 564, 6.72%, 0, 0, 3, 670.86, 651812, 9462, 0, 0
3366, 0, 125, 2845, 2778, 564, 6.72%, 0, 0, 3, 748.97, 655679, 9465, 0, 0
3371, 0, 125, 2852, 2785, 564, 6.72%, 0, 0, 3, 753.47, 659549, 9466, 0, 0
3376, 0, 127, 2855, 2787, 567, 6.72%, 0, 0, 3, 760.17, 663370, 9467, 0, 0
3382, 0, 127, 2867, 2799, 567, 6.72%, 0, 0, 3, 766.10, 667369, 9467, 0, 0
3387, 0, 127, 2867, 2799, 567, 6.72%, 0, 0, 3, 759.82, 671164, 9467, 0, 0
3392, 0, 129, 2867, 2798, 565, 6.72%, 0, 0, 3, 526.95, 673944, 9467, 0, 0
3397, 0, 130, 2892, 2821, 563, 6.73%, 0, 0, 3, 84.47, 675346, 9480, 0, 0
3402, 0, 130, 3051, 2980, 563, 6.75%, 0, 0, 3, 487.26, 676861, 9499, 0, 0
3407, 0, 130, 3244, 3173, 563, 6.78%, 0, 0, 3, 355.34, 678443, 9542, 0, 0
3412, 0, 1018, 3498, 3426, 610, 6.80%, 0, 0, 3, 451.34, 680733, 9577, 0, 0
3417, 0, 2881, 3498, 3423, 607, 6.80%, 0, 0, 3, 240.23, 681888, 9577, 0, 0
3422, 0, 2881, 3498, 3423, 607, 6.80%, 0, 0, 3, 115.21, 682314, 9577, 0, 0
3428, 0, 2881, 3498, 3423, 607, 6.80%, 0, 0, 3, 55.24, 682521, 9577, 0, 0
3433, 0, 278, 3499, 3421, 604, 6.80%, 0, 0, 3, 300.39, 683345, 9577, 0, 0
3438, 0, 1284, 3499, 3418, 601, 6.80%, 0, 0, 3, 42.22, 684282, 9577, 0, 0
3443, 0, 1284, 3499, 3418, 601, 6.80%, 0, 0, 3, 29.74, 684416, 9577, 0, 0
3448, 0, 1284, 3499, 3418, 601, 6.80%, 0, 0, 3, 33.98, 684575, 9577, 0, 0
3453, 0, 1284, 3499, 3418, 601, 6.80%, 0, 0, 3, 26.75, 684713, 9577, 0, 0
3458, 0, 1284, 3499, 3418, 601, 6.80%, 0, 0, 3, 29.59, 684863, 9577, 0, 0
3463, 0, 1284, 3499, 3418, 601, 6.80%, 0, 0, 3, 28.96, 685018, 9577, 0, 0
3468, 0, 1284, 3499, 3418, 601, 6.80%, 0, 0, 3, 21.82, 685122, 9577, 0, 0
3473, 0, 1284, 3499, 3418, 601, 6.80%, 0, 0, 3, 16.47, 685197, 9577, 0, 0
3478, 0, 1284, 3499, 3418, 601, 6.80%, 0, 0, 3, 20.94, 685296, 9577, 0, 0
3484, 0, 3447, 3504, 3422, 600, 6.80%, 0, 0, 3, 259.13, 686576, 9577, 0, 0
3489, 0, 3447, 3506, 3424, 600, 6.80%, 0, 0, 3, 242.88, 687778, 9578, 0, 0
3494, 0, 3447, 3508, 3426, 600, 6.80%, 0, 0, 3, 264.21, 689169, 9579, 0, 0
3499, 0, 3447, 3508, 3426, 600, 6.80%, 0, 0, 3, 239.21, 690400, 9579, 0, 0
3504, 0, 3447, 3509, 3427, 600, 6.80%, 0, 0, 3, 554.22, 693371, 9579, 0, 0
3509, 0, 148, 3513, 3430, 601, 6.80%, 0, 0, 3, 644.11, 696737, 9579, 0, 0
3514, 0, 148, 3515, 3432, 601, 6.80%, 0, 0, 3, 692.93, 700274, 9580, 0, 0
3519, 0, 148, 3515, 3432, 601, 6.80%, 0, 0, 3, 696.90, 703719, 9580, 0, 0
3524, 0, 148, 3515, 3432, 601, 6.80%, 0, 0, 3, 699.98, 707217, 9580, 0, 0
3529, 0, 1385, 3517, 3428, 596, 6.80%, 0, 0, 3, 549.66, 710056, 9580, 0, 0
3534, 0, 1309, 3517, 3425, 593, 6.80%, 0, 0, 3, 408.39, 711776, 9580, 0, 0
3539, 0, 1309, 3517, 3425, 593, 6.80%, 0, 0, 3, 75.61, 712145, 9580, 0, 0
3545, 0, 1309, 3517, 3425, 593, 6.80%, 0, 0, 3, 77.27, 712519, 9580, 0, 0
3550, 0, 1309, 3517, 3425, 593, 6.80%, 0, 0, 3, 56.05, 712785, 9580, 0, 0
3555, 0, 186, 3517, 3419, 587, 6.80%, 0, 0, 3, 577.14, 715115, 9580, 0, 0
3560, 0, 3369, 3517, 3417, 585, 6.80%, 0, 0, 3, 66.71, 715693, 9580, 0, 0
3565, 0, 3369, 3517, 3417, 585, 6.80%, 0, 0, 3, 68.57, 716048, 9580, 0, 0
3570, 0, 3369, 3517, 3417, 585, 6.80%, 0, 0, 3, 70.30, 716410, 9580, 0, 0
3575, 0, 3369, 3518, 3418, 585, 6.80%, 0, 0, 3, 66.47, 716758, 9580, 0, 0
3580, 0, 3369, 3518, 3418, 585, 6.80%, 0, 0, 3, 66.41, 717097, 9580, 0, 0
3586, 0, 3369, 3518, 3418, 585, 6.80%, 0, 0, 3, 63.85, 717411, 9580, 0, 0
3591, 0, 3369, 3518, 3418, 585, 6.80%, 0, 0, 3, 71.53, 717777, 9580, 0, 0
3596, 0, 3369, 3518, 3418, 585, 6.80%, 0, 0, 3, 65.22, 718133, 9580, 0, 0
3601, 0, 3369, 3518, 3418, 585, 6.80%, 0, 0, 3, 63.78, 718464, 9580, 0, 0
3606, 0, 3369, 3518, 3418, 585, 6.80%, 0, 0, 3, 69.93, 718854, 9580, 0, 0
3612, 0, 3369, 3518, 3418, 585, 6.80%, 0, 0, 3, 73.63, 719226, 9580, 0, 0
3617, 0, 3369, 3518, 3418, 585, 6.80%, 0, 0, 3, 69.63, 719592, 9580, 0, 0
3618, 0, 3369, 3518, 3418, 585, 6.80%, 0, 0, 3, 70.33, 719714, 9580, 0, 0
