# relative_time, cycles_done, cur_item, corpus_count, pending_total, pending_favs, map_size, saved_crashes, saved_hangs, max_depth, execs_per_sec, total_execs, edges_found, total_crashes, servers_count
61, 0, 0, 754, 754, 156, 8.92%, 0, 0, 2, 598.02, 50926, 4364, 0, 0
66, 0, 0, 763, 763, 156, 8.93%, 0, 0, 2, 567.52, 54080, 4367, 0, 0
71, 0, 0, 770, 770, 156, 8.94%, 0, 0, 2, 448.69, 56289, 4371, 0, 0
76, 0, 0, 777, 777, 156, 8.94%, 0, 0, 2, 536.02, 59028, 4373, 0, 0
81, 0, 0, 784, 784, 156, 8.94%, 0, 0, 2, 682.31, 62534, 4375, 0, 0
86, 0, 1, 834, 833, 155, 8.98%, 0, 0, 2, 741.12, 66561, 4393, 0, 0
91, 0, 6, 952, 951, 272, 9.09%, 0, 0, 2, 692.96, 69869, 4444, 0, 0
96, 0, 6, 988, 987, 272, 9.11%, 0, 0, 2, 833.11, 74352, 4456, 0, 0
101, 0, 6, 1006, 1005, 272, 9.12%, 0, 0, 2, 864.60, 78564, 4460, 0, 0
106, 0, 6, 1012, 1011, 272, 9.12%, 0, 0, 2, 775.89, 82360, 4460, 0, 0
111, 0, 6, 1017, 1016, 272, 9.13%, 0, 0, 2, 774.36, 86057, 4465, 0, 0
116, 0, 6, 1026, 1025, 272, 9.13%, 0, 0, 2, 902.94, 90854, 4466, 0, 0
121, 0, 6, 1033, 1032, 272, 9.13%, 0, 0, 2, 865.08, 95226, 4467, 0, 0
126, 0, 6, 1037, 1036, 272, 9.14%, 0, 0, 2, 851.04, 99436, 4469, 0, 0
132, 0, 6, 1042, 1041, 272, 9.14%, 0, 0, 2, 821.05, 103562, 4470, 0, 0
137, 0, 6, 1044, 1043, 272, 9.14%, 0, 0, 2, 822.74, 107672, 4470, 0, 0
142, 0, 6, 1046, 1045, 272, 9.14%, 0, 0, 2, 881.98, 112283, 4470, 0, 0
147, 0, 6, 1049, 1048, 272, 9.14%, 0, 0, 2, 819.93, 116475, 4472, 0, 0
152, 0, 6, 1053, 1052, 272, 9.14%, 0, 0, 2, 900.89, 121121, 4473, 0, 0
157, 0, 8, 1110, 1108, 296, 9.28%, 0, 0, 2, 836.88, 125348, 4540, 0, 0
162, 0, 8, 1129, 1127, 296, 9.36%, 0, 0, 2, 722.80, 128904, 4578, 0, 0
167, 0, 8, 1131, 1129, 296, 9.36%, 0, 0, 2, 776.21, 132657, 4579, 0, 0
172, 0, 8, 1148, 1146, 296, 9.41%, 0, 0, 2, 814.30, 136864, 4601, 0, 0
177, 0, 8, 1165, 1163, 296, 9.42%, 0, 0, 2, 845.38, 141303, 4607, 0, 0
182, 0, 8, 1175, 1173, 296, 9.43%, 0, 0, 2, 770.48, 145147, 4611, 0, 0
188, 0, 8, 1182, 1180, 296, 9.43%, 0, 0, 2, 692.71, 148571, 4614, 0, 0
193, 0, 8, 1187, 1185, 296, 9.44%, 0, 0, 2, 787.28, 152521, 4615, 0, 0
198, 0, 8, 1193, 1191, 296, 9.44%, 0, 0, 2, 814.76, 156619, 4619, 0, 0
203, 0, 8, 1200, 1198, 296, 9.45%, 0, 0, 2, 803.13, 160604, 4622, 0, 0
208, 0, 8, 1204, 1202, 296, 9.45%, 0, 0, 2, 761.96, 164355, 4624, 0, 0
213, 0, 8, 1206, 1204, 296, 9.45%, 0, 0, 2, 807.36, 168518, 4624, 0, 0
218, 0, 9, 1222, 1219, 372, 9.45%, 0, 0, 2, 669.86, 171898, 4624, 0, 0
223, 0, 9, 1266, 1263, 372, 9.46%, 0, 0, 2, 279.68, 172756, 4627, 0, 0
228, 0, 9, 1272, 1269, 372, 9.46%, 0, 0, 2, 155.12, 173336, 4627, 0, 0
233, 0, 9, 1282, 1279, 372, 9.46%, 0, 0, 2, 112.56, 173839, 4627, 0, 0
238, 0, 9, 1282, 1279, 372, 9.46%, 0, 0, 2, 93.17, 174297, 4627, 0, 0
243, 0, 9, 1292, 1289, 372, 9.46%, 0, 0, 2, 149.21, 175138, 4629, 0, 0
248, 0, 9, 1299, 1296, 372, 9.49%, 0, 0, 2, 150.91, 175903, 4643, 0, 0
254, 0, 9, 1302, 1299, 372, 9.50%, 0, 0, 2, 132.61, 176607, 4645, 0, 0
259, 0, 9, 1305, 1302, 372, 9.50%, 0, 0, 2, 114.13, 177149, 4648, 0, 0
264, 0, 9, 1309, 1306, 372, 9.51%, 0, 0, 2, 116.66, 177775, 4654, 0, 0
269, 0, 9, 1309, 1306, 372, 9.51%, 0, 0, 2, 131.59, 178424, 4654, 0, 0
274, 0, 9, 1310, 1307, 372, 9.51%, 0, 0, 2, 138.36, 179126, 4654, 0, 0
279, 0, 9, 1311, 1308, 372, 9.52%, 0, 0, 2, 126.70, 179781, 4656, 0, 0
284, 0, 9, 1315, 1312, 372, 9.53%, 0, 0, 2, 130.64, 180433, 4660, 0, 0
289, 0, 9, 1319, 1316, 372, 9.54%, 0, 0, 2, 129.09, 181106, 4664, 0, 0
294, 0, 9, 1320, 1317, 372, 9.54%, 0, 0, 2, 122.51, 181705, 4666, 0, 0
300, 0, 9, 1323, 1320, 372, 9.55%, 0, 0, 2, 142.55, 182480, 4672, 0, 0
305, 0, 9, 1325, 1322, 372, 9.56%, 0, 0, 2, 159.60, 183305, 4675, 0, 0
310, 0, 9, 1327, 1324, 372, 9.56%, 0, 0, 2, 155.67, 184069, 4676, 0, 0
315, 0, 9, 1328, 1325, 372, 9.56%, 0, 0, 2, 150.20, 184835, 4678, 0, 0
320, 0, 9, 1328, 1325, 372, 9.56%, 0, 0, 2, 151.83, 185576, 4678, 0, 0
325, 0, 9, 1328, 1325, 372, 9.56%, 0, 0, 2, 136.01, 186267, 4678, 0, 0
330, 0, 9, 1329, 1326, 372, 9.57%, 0, 0, 2, 127.62, 186898, 4681, 0, 0
335, 0, 9, 1330, 1327, 372, 9.57%, 0, 0, 2, 128.09, 187531, 4681, 0, 0
340, 0, 9, 1330, 1327, 372, 9.57%, 0, 0, 2, 139.47, 188247, 4681, 0, 0
345, 0, 9, 1330, 1327, 372, 9.57%, 0, 0, 2, 145.26, 189005, 4681, 0, 0
350, 0, 9, 1333, 1330, 372, 9.57%, 0, 0, 2, 148.39, 189778, 4681, 0, 0
355, 0, 9, 1333, 1330, 372, 9.57%, 0, 0, 2, 130.30, 190472, 4681, 0, 0
360, 0, 9, 1336, 1333, 372, 9.58%, 0, 0, 2, 148.78, 191207, 4685, 0, 0
365, 0, 9, 1338, 1335, 372, 9.59%, 0, 0, 2, 147.94, 191943, 4691, 0, 0
371, 0, 9, 1340, 1337, 372, 9.60%, 0, 0, 2, 143.83, 192677, 4694, 0, 0
376, 0, 9, 1341, 1338, 372, 9.60%, 0, 0, 2, 126.75, 193314, 4696, 0, 0
381, 0, 9, 1344, 1341, 372, 9.60%, 0, 0, 2, 133.90, 193997, 4698, 0, 0
386, 0, 9, 1346, 1343, 372, 9.61%, 0, 0, 2, 135.13, 194669, 4699, 0, 0
391, 0, 9, 1352, 1349, 372, 9.61%, 0, 0, 2, 130.04, 195362, 4701, 0, 0
396, 0, 9, 1353, 1350, 372, 9.61%, 0, 0, 2, 127.83, 195999, 4702, 0, 0
401, 0, 9, 1356, 1353, 372, 9.62%, 0, 0, 2, 122.34, 196650, 4705, 0, 0
406, 0, 9, 1357, 1354, 372, 9.62%, 0, 0, 2, 131.94, 197299, 4705, 0, 0
411, 0, 9, 1361, 1358, 372, 9.62%, 0, 0, 2, 136.44, 197997, 4705, 0, 0
416, 0, 9, 1363, 1360, 372, 9.62%, 0, 0, 2, 121.50, 198589, 4705, 0, 0
421, 0, 9, 1363, 1360, 372, 9.62%, 0, 0, 2, 125.07, 199221, 4705, 0, 0
427, 0, 9, 1363, 1360, 372, 9.62%, 0, 0, 2, 133.13, 199893, 4705, 0, 0
432, 0, 9, 1363, 1360, 372, 9.62%, 0, 0, 2, 125.75, 200503, 4705, 0, 0
437, 0, 9, 1364, 1361, 372, 9.62%, 0, 0, 2, 127.80, 201151, 4706, 0, 0
442, 0, 9, 1364, 1361, 372, 9.62%, 0, 0, 2, 96.79, 201574, 4706, 0, 0
447, 0, 9, 1364, 1361, 372, 9.62%, 0, 0, 2, 113.52, 202162, 4706, 0, 0
452, 0, 9, 1364, 1361, 372, 9.62%, 0, 0, 2, 120.84, 202770, 4706, 0, 0
457, 0, 9, 1364, 1361, 372, 9.62%, 0, 0, 2, 118.44, 203358, 4706, 0, 0
462, 0, 9, 1365, 1362, 372, 9.62%, 0, 0, 2, 125.50, 204011, 4707, 0, 0
467, 0, 9, 1365, 1362, 372, 9.62%, 0, 0, 2, 127.12, 204663, 4707, 0, 0
472, 0, 9, 1365, 1362, 372, 9.62%, 0, 0, 2, 128.11, 205353, 4707, 0, 0
478, 0, 9, 1365, 1362, 372, 9.62%, 0, 0, 2, 121.94, 205965, 4707, 0, 0
483, 0, 9, 1365, 1362, 372, 9.62%, 0, 0, 2, 125.48, 206601, 4707, 0, 0
488, 0, 9, 1365, 1362, 372, 9.62%, 0, 0, 2, 118.15, 207195, 4707, 0, 0
493, 0, 9, 1366, 1363, 372, 9.63%, 0, 0, 2, 120.76, 207832, 4708, 0, 0
498, 0, 9, 1367, 1364, 372, 9.63%, 0, 0, 2, 118.21, 208459, 4709, 0, 0
503, 0, 9, 1367, 1364, 372, 9.63%, 0, 0, 2, 117.90, 209061, 4709, 0, 0
508, 0, 9, 1367, 1364, 372, 9.63%, 0, 0, 2, 119.18, 209661, 4709, 0, 0
513, 0, 9, 1367, 1364, 372, 9.63%, 0, 0, 2, 113.68, 210205, 4709, 0, 0
518, 0, 9, 1367, 1364, 372, 9.63%, 0, 0, 2, 108.68, 210775, 4709, 0, 0
523, 0, 9, 1367, 1364, 372, 9.63%, 0, 0, 2, 97.49, 211257, 4709, 0, 0
528, 0, 9, 1367, 1364, 372, 9.63%, 0, 0, 2, 103.27, 211789, 4709, 0, 0
533, 0, 9, 1367, 1364, 372, 9.63%, 0, 0, 2, 104.13, 212309, 4709, 0, 0
538, 0, 9, 1367, 1364, 372, 9.63%, 0, 0, 2, 113.54, 212895, 4709, 0, 0
543, 0, 9, 1368, 1365, 372, 9.63%, 0, 0, 2, 110.15, 213440, 4710, 0, 0
548, 0, 9, 1368, 1365, 372, 9.63%, 0, 0, 2, 104.14, 213956, 4710, 0, 0
553, 0, 9, 1369, 1366, 372, 9.63%, 0, 0, 2, 104.89, 214493, 4712, 0, 0
558, 0, 9, 1370, 1367, 372, 9.63%, 0, 0, 2, 97.55, 214989, 4712, 0, 0
564, 0, 9, 1370, 1367, 372, 9.63%, 0, 0, 2, 103.95, 215536, 4712, 0, 0
569, 0, 9, 1370, 1367, 372, 9.63%, 0, 0, 2, 111.14, 216086, 4712, 0, 0
574, 0, 9, 1370, 1367, 372, 9.63%, 0, 0, 2, 102.95, 216614, 4712, 0, 0
579, 0, 9, 1370, 1367, 372, 9.63%, 0, 0, 2, 88.46, 217028, 4712, 0, 0
584, 0, 9, 1370, 1367, 372, 9.63%, 0, 0, 2, 105.24, 217578, 4712, 0, 0
589, 0, 9, 1370, 1367, 372, 9.63%, 0, 0, 2, 103.17, 218092, 4712, 0, 0
594, 0, 9, 1370, 1367, 372, 9.63%, 0, 0, 2, 113.81, 218674, 4712, 0, 0
599, 0, 9, 1370, 1367, 372, 9.63%, 0, 0, 2, 118.40, 219278, 4712, 0, 0
604, 0, 9, 1370, 1367, 372, 9.63%, 0, 0, 2, 111.41, 219848, 4712, 0, 0
610, 0, 9, 1370, 1367, 372, 9.63%, 0, 0, 2, 117.99, 220448, 4712, 0, 0
615, 0, 9, 1370, 1367, 372, 9.63%, 0, 0, 2, 119.48, 221076, 4712, 0, 0
620, 0, 9, 1370, 1367, 372, 9.63%, 0, 0, 2, 106.80, 221576, 4712, 0, 0
625, 0, 9, 1370, 1367, 372, 9.63%, 0, 0, 2, 105.13, 222084, 4712, 0, 0
630, 0, 9, 1370, 1367, 372, 9.63%, 0, 0, 2, 70.68, 222430, 4712, 0, 0
635, 0, 9, 1370, 1367, 372, 9.63%, 0, 0, 2, 99.72, 222985, 4712, 0, 0
640, 0, 9, 1370, 1367, 372, 9.63%, 0, 0, 2, 112.35, 223583, 4712, 0, 0
645, 0, 9, 1370, 1367, 372, 9.63%, 0, 0, 2, 112.75, 224145, 4712, 0, 0
650, 0, 9, 1370, 1367, 372, 9.63%, 0, 0, 2, 113.05, 224721, 4712, 0, 0
655, 0, 9, 1370, 1367, 372, 9.63%, 0, 0, 2, 111.39, 225301, 4712, 0, 0
661, 0, 9, 1370, 1367, 372, 9.63%, 0, 0, 2, 116.65, 225913, 4712, 0, 0
666, 0, 9, 1370, 1367, 372, 9.63%, 0, 0, 2, 111.58, 226459, 4712, 0, 0
671, 0, 9, 1370, 1367, 372, 9.63%, 0, 0, 2, 117.18, 227069, 4712, 0, 0
676, 0, 9, 1370, 1367, 372, 9.63%, 0, 0, 2, 116.70, 227679, 4712, 0, 0
681, 0, 9, 1371, 1368, 372, 9.63%, 0, 0, 2, 116.83, 228264, 4712, 0, 0
686, 0, 9, 1371, 1368, 372, 9.63%, 0, 0, 2, 112.29, 228824, 4712, 0, 0
691, 0, 9, 1371, 1368, 372, 9.63%, 0, 0, 2, 110.35, 229400, 4712, 0, 0
696, 0, 9, 1371, 1368, 372, 9.63%, 0, 0, 2, 108.47, 229966, 4712, 0, 0
701, 0, 9, 1371, 1368, 372, 9.63%, 0, 0, 2, 108.19, 230510, 4712, 0, 0
706, 0, 9, 1371, 1368, 372, 9.63%, 0, 0, 2, 108.33, 231054, 4712, 0, 0
711, 0, 9, 1371, 1368, 372, 9.63%, 0, 0, 2, 107.69, 231594, 4712, 0, 0
716, 0, 9, 1371, 1368, 372, 9.63%, 0, 0, 2, 105.90, 232130, 4712, 0, 0
721, 0, 9, 1372, 1369, 372, 9.63%, 0, 0, 2, 111.97, 232695, 4712, 0, 0
726, 0, 9, 1372, 1369, 372, 9.63%, 0, 0, 2, 106.06, 233229, 4712, 0, 0
732, 0, 9, 1372, 1369, 372, 9.63%, 0, 0, 2, 96.39, 233730, 4712, 0, 0
737, 0, 9, 1372, 1369, 372, 9.63%, 0, 0, 2, 82.17, 234169, 4712, 0, 0
742, 0, 9, 1372, 1369, 372, 9.63%, 0, 0, 2, 102.41, 234725, 4712, 0, 0
747, 0, 9, 1372, 1369, 372, 9.63%, 0, 0, 2, 107.49, 235267, 4712, 0, 0
752, 0, 9, 1372, 1369, 372, 9.63%, 0, 0, 2, 114.22, 235869, 4712, 0, 0
757, 0, 9, 1372, 1369, 372, 9.63%, 0, 0, 2, 114.25, 236471, 4712, 0, 0
762, 0, 9, 1372, 1369, 372, 9.63%, 0, 0, 2, 104.10, 236989, 4712, 0, 0
768, 0, 9, 1372, 1369, 372, 9.63%, 0, 0, 2, 93.01, 237466, 4712, 0, 0
773, 0, 9, 1372, 1369, 372, 9.63%, 0, 0, 2, 98.78, 237970, 4712, 0, 0
778, 0, 9, 1372, 1369, 372, 9.63%, 0, 0, 2, 98.77, 238488, 4712, 0, 0
783, 0, 9, 1372, 1369, 372, 9.63%, 0, 0, 2, 103.16, 239011, 4712, 0, 0
788, 0, 9, 1372, 1369, 372, 9.63%, 0, 0, 2, 101.21, 239531, 4712, 0, 0
793, 0, 9, 1372, 1369, 372, 9.63%, 0, 0, 2, 110.39, 240091, 4712, 0, 0
798, 0, 9, 1374, 1371, 372, 9.64%, 0, 0, 2, 111.15, 240678, 4714, 0, 0
803, 0, 9, 1374, 1371, 372, 9.64%, 0, 0, 2, 98.67, 241146, 4714, 0, 0
809, 0, 9, 1374, 1371, 372, 9.64%, 0, 0, 2, 97.35, 241657, 4714, 0, 0
814, 0, 9, 1375, 1372, 372, 9.64%, 0, 0, 2, 112.98, 242255, 4715, 0, 0
819, 0, 9, 1376, 1373, 372, 9.64%, 0, 0, 2, 146.87, 243006, 4716, 0, 0
824, 0, 9, 1384, 1381, 372, 9.65%, 0, 0, 2, 128.36, 243630, 4720, 0, 0
829, 0, 9, 1385, 1382, 372, 9.66%, 0, 0, 2, 106.07, 244113, 4723, 0, 0
834, 0, 9, 1386, 1383, 372, 9.66%, 0, 0, 2, 98.04, 244604, 4723, 0, 0
839, 0, 9, 1386, 1383, 372, 9.66%, 0, 0, 2, 88.94, 245050, 4723, 0, 0
844, 0, 9, 1386, 1383, 372, 9.66%, 0, 0, 2, 86.70, 245490, 4723, 0, 0
850, 0, 9, 1386, 1383, 372, 9.66%, 0, 0, 2, 99.29, 246018, 4723, 0, 0
855, 0, 9, 1386, 1383, 372, 9.66%, 0, 0, 2, 99.69, 246498, 4723, 0, 0
860, 0, 9, 1386, 1383, 372, 9.66%, 0, 0, 2, 118.16, 247126, 4723, 0, 0
865, 0, 9, 1386, 1383, 372, 9.66%, 0, 0, 2, 110.63, 247694, 4723, 0, 0
870, 0, 9, 1387, 1384, 372, 9.66%, 0, 0, 2, 113.40, 248234, 4723, 0, 0
875, 0, 9, 1389, 1386, 372, 9.66%, 0, 0, 2, 162.79, 249077, 4725, 0, 0
880, 0, 9, 1389, 1386, 372, 9.66%, 0, 0, 2, 159.15, 249890, 4725, 0, 0
885, 0, 9, 1389, 1386, 372, 9.66%, 0, 0, 2, 191.52, 250901, 4725, 0, 0
890, 0, 9, 1389, 1386, 372, 9.66%, 0, 0, 2, 193.74, 251899, 4725, 0, 0
895, 0, 9, 1389, 1386, 372, 9.66%, 0, 0, 2, 176.23, 252778, 4725, 0, 0
900, 0, 9, 1389, 1386, 372, 9.66%, 0, 0, 2, 187.22, 253729, 4725, 0, 0
905, 0, 9, 1389, 1386, 372, 9.66%, 0, 0, 2, 194.27, 254659, 4725, 0, 0
911, 0, 9, 1391, 1388, 372, 9.66%, 0, 0, 2, 147.67, 255428, 4725, 0, 0
916, 0, 9, 1399, 1396, 372, 9.66%, 0, 0, 2, 140.59, 256134, 4727, 0, 0
921, 0, 9, 1404, 1401, 372, 9.67%, 0, 0, 2, 148.69, 256897, 4728, 0, 0
926, 0, 9, 1408, 1405, 372, 9.67%, 0, 0, 2, 144.85, 257633, 4729, 0, 0
931, 0, 9, 1414, 1411, 372, 9.67%, 0, 0, 2, 135.35, 258323, 4730, 0, 0
936, 0, 9, 1416, 1413, 372, 9.67%, 0, 0, 2, 143.87, 259085, 4730, 0, 0
941, 0, 9, 1419, 1416, 372, 9.67%, 0, 0, 2, 141.51, 259794, 4730, 0, 0
946, 0, 9, 1419, 1416, 372, 9.67%, 0, 0, 2, 141.60, 260526, 4730, 0, 0
951, 0, 9, 1422, 1419, 372, 9.67%, 0, 0, 2, 145.68, 261253, 4731, 0, 0
957, 0, 9, 1426, 1423, 372, 9.67%, 0, 0, 2, 140.61, 261957, 4732, 0, 0
962, 0, 9, 1428, 1425, 372, 9.67%, 0, 0, 2, 136.04, 262665, 4732, 0, 0
967, 0, 9, 1430, 1427, 372, 9.67%, 0, 0, 2, 133.95, 263343, 4732, 0, 0
972, 0, 9, 1433, 1430, 372, 9.68%, 0, 0, 2, 128.33, 263974, 4733, 0, 0
977, 0, 9, 1434, 1431, 372, 9.68%, 0, 0, 2, 137.29, 264663, 4733, 0, 0
982, 0, 9, 1438, 1435, 372, 9.68%, 0, 0, 2, 137.17, 265343, 4733, 0, 0
987, 0, 9, 1439, 1436, 372, 9.68%, 0, 0, 2, 135.32, 266038, 4733, 0, 0
992, 0, 9, 1439, 1436, 372, 9.68%, 0, 0, 2, 135.17, 266720, 4733, 0, 0
997, 0, 9, 1441, 1438, 372, 9.68%, 0, 0, 2, 149.33, 267498, 4733, 0, 0
1002, 0, 9, 1442, 1439, 372, 9.68%, 0, 0, 2, 134.85, 268159, 4733, 0, 0
1007, 0, 9, 1443, 1440, 372, 9.68%, 0, 0, 2, 145.89, 268888, 4734, 0, 0
1012, 0, 9, 1443, 1440, 372, 9.68%, 0, 0, 2, 127.95, 269518, 4734, 0, 0
1017, 0, 9, 1443, 1440, 372, 9.68%, 0, 0, 2, 142.15, 270246, 4734, 0, 0
1023, 0, 9, 1443, 1440, 372, 9.68%, 0, 0, 2, 129.96, 270928, 4734, 0, 0
1028, 0, 9, 1445, 1442, 372, 9.68%, 0, 0, 2, 135.35, 271646, 4734, 0, 0
1033, 0, 9, 1447, 1444, 372, 9.68%, 0, 0, 2, 136.83, 272314, 4734, 0, 0
1038, 0, 9, 1450, 1447, 372, 9.68%, 0, 0, 2, 133.92, 272993, 4734, 0, 0
1043, 0, 9, 1450, 1447, 372, 9.68%, 0, 0, 2, 133.69, 273695, 4734, 0, 0
1048, 0, 9, 1452, 1449, 372, 9.68%, 0, 0, 2, 144.28, 274433, 4734, 0, 0
1054, 0, 9, 1452, 1449, 372, 9.68%, 0, 0, 2, 139.36, 275147, 4734, 0, 0
1059, 0, 9, 1454, 1451, 372, 9.68%, 0, 0, 2, 132.22, 275787, 4736, 0, 0
1064, 0, 9, 1455, 1452, 372, 9.68%, 0, 0, 2, 136.98, 276498, 4736, 0, 0
1069, 0, 9, 1456, 1453, 372, 9.68%, 0, 0, 2, 136.39, 277201, 4736, 0, 0
1074, 0, 9, 1456, 1453, 372, 9.68%, 0, 0, 2, 135.42, 277883, 4736, 0, 0
1079, 0, 9, 1456, 1453, 372, 9.68%, 0, 0, 2, 139.82, 278615, 4736, 0, 0
1085, 0, 9, 1456, 1453, 372, 9.68%, 0, 0, 2, 144.75, 279353, 4736, 0, 0
1090, 0, 9, 1456, 1453, 372, 9.68%, 0, 0, 2, 146.83, 280125, 4736, 0, 0
1095, 0, 9, 1457, 1454, 372, 9.69%, 0, 0, 2, 135.74, 280788, 4739, 0, 0
1100, 0, 9, 1457, 1454, 372, 9.69%, 0, 0, 2, 139.38, 281506, 4739, 0, 0
1105, 0, 9, 1457, 1454, 372, 9.69%, 0, 0, 2, 134.62, 282206, 4739, 0, 0
1110, 0, 9, 1459, 1456, 372, 9.69%, 0, 0, 2, 132.90, 282900, 4739, 0, 0
1115, 0, 9, 1460, 1457, 372, 9.69%, 0, 0, 2, 137.65, 283609, 4740, 0, 0
1121, 0, 9, 1461, 1458, 372, 9.69%, 0, 0, 2, 138.80, 284346, 4740, 0, 0
1126, 0, 9, 1465, 1462, 372, 9.69%, 0, 0, 2, 138.25, 285058, 4742, 0, 0
1131, 0, 9, 1465, 1462, 372, 9.69%, 0, 0, 2, 141.56, 285790, 4742, 0, 0
1136, 0, 9, 1466, 1463, 372, 9.69%, 0, 0, 2, 139.86, 286481, 4742, 0, 0
1141, 0, 9, 1467, 1464, 372, 9.69%, 0, 0, 2, 134.97, 287172, 4742, 0, 0
1146, 0, 9, 1469, 1466, 372, 9.69%, 0, 0, 2, 136.04, 287840, 4742, 0, 0
1151, 0, 9, 1469, 1466, 372, 9.69%, 0, 0, 2, 116.87, 288448, 4742, 0, 0
1156, 0, 9, 1471, 1468, 372, 9.69%, 0, 0, 2, 120.25, 289040, 4742, 0, 0
1161, 0, 9, 1471, 1468, 372, 9.69%, 0, 0, 2, 123.72, 289668, 4742, 0, 0
1166, 0, 9, 1475, 1472, 372, 9.70%, 0, 0, 2, 135.05, 290376, 4743, 0, 0
1172, 0, 9, 1476, 1473, 372, 9.70%, 0, 0, 2, 138.31, 291093, 4744, 0, 0
1177, 0, 9, 1476, 1473, 372, 9.70%, 0, 0, 2, 132.57, 291737, 4744, 0, 0
1182, 0, 9, 1477, 1474, 372, 9.70%, 0, 0, 2, 124.03, 292396, 4744, 0, 0
1187, 0, 9, 1477, 1474, 372, 9.70%, 0, 0, 2, 126.86, 293030, 4744, 0, 0
1192, 0, 9, 1477, 1474, 372, 9.70%, 0, 0, 2, 122.53, 293632, 4744, 0, 0
1197, 0, 11, 1551, 1547, 430, 9.84%, 0, 0, 2, 524.17, 295318, 4812, 0, 0
1202, 0, 11, 1551, 1547, 430, 9.84%, 0, 0, 2, 507.89, 297718, 4812, 0, 0
1207, 0, 11, 1579, 1575, 430, 9.88%, 0, 0, 2, 675.51, 301358, 4831, 0, 0
1212, 0, 11, 1591, 1587, 430, 9.90%, 0, 0, 2, 654.03, 304777, 4840, 0, 0
1218, 0, 11, 1593, 1589, 430, 9.90%, 0, 0, 2, 699.41, 308332, 4841, 0, 0
1223, 0, 11, 1628, 1624, 430, 9.91%, 0, 0, 2, 739.48, 312239, 4845, 0, 0
1228, 0, 11, 1637, 1633, 430, 9.91%, 0, 0, 2, 756.26, 315970, 4845, 0, 0
1233, 0, 11, 1645, 1641, 430, 9.91%, 0, 0, 2, 786.81, 319911, 4847, 0, 0
1238, 0, 11, 1651, 1647, 430, 9.91%, 0, 0, 2, 736.37, 323553, 4847, 0, 0
1243, 0, 11, 1655, 1651, 430, 9.91%, 0, 0, 2, 765.10, 327466, 4847, 0, 0
1248, 0, 11, 1658, 1654, 430, 9.91%, 0, 0, 2, 770.63, 331222, 4847, 0, 0
1253, 0, 11, 1659, 1655, 430, 9.91%, 0, 0, 2, 774.36, 335159, 4847, 0, 0
1258, 0, 11, 1661, 1657, 430, 9.91%, 0, 0, 2, 784.13, 339103, 4848, 0, 0
1263, 0, 11, 1663, 1659, 430, 9.91%, 0, 0, 2, 761.90, 342792, 4848, 0, 0
1268, 0, 11, 1666, 1662, 430, 9.91%, 0, 0, 2, 783.75, 346908, 4848, 0, 0
1273, 0, 11, 1669, 1665, 430, 9.91%, 0, 0, 2, 803.88, 351069, 4848, 0, 0
1278, 0, 11, 1672, 1668, 430, 9.91%, 0, 0, 2, 785.62, 354855, 4849, 0, 0
1283, 0, 11, 1673, 1669, 430, 9.91%, 0, 0, 2, 668.47, 358028, 4849, 0, 0
1289, 0, 11, 1674, 1670, 430, 9.91%, 0, 0, 2, 684.66, 361324, 4849, 0, 0
1294, 0, 12, 1782, 1777, 429, 9.97%, 0, 0, 2, 95.24, 363144, 4877, 0, 0
1299, 0, 12, 1873, 1868, 429, 10.05%, 0, 0, 2, 53.02, 364800, 4915, 0, 0
1304, 0, 12, 1918, 1913, 429, 10.07%, 0, 0, 2, 98.97, 365750, 4927, 0, 0
1309, 0, 17, 1940, 1934, 528, 10.09%, 0, 0, 2, 769.64, 368765, 4934, 0, 0
1314, 0, 17, 1945, 1939, 528, 10.10%, 0, 0, 2, 880.16, 373273, 4940, 0, 0
1319, 0, 17, 1949, 1943, 528, 10.10%, 0, 0, 2, 731.74, 376851, 4942, 0, 0
1324, 0, 17, 1952, 1946, 528, 10.11%, 0, 0, 2, 776.57, 380699, 4943, 0, 0
1329, 0, 17, 1955, 1949, 528, 10.11%, 0, 0, 2, 752.34, 384530, 4944, 0, 0
1334, 0, 17, 1956, 1950, 528, 10.11%, 0, 0, 2, 676.58, 387992, 4944, 0, 0
1339, 0, 17, 1959, 1953, 528, 10.11%, 0, 0, 2, 751.11, 391831, 4947, 0, 0
1344, 0, 17, 1962, 1956, 528, 10.12%, 0, 0, 2, 789.41, 395859, 4949, 0, 0
1349, 0, 17, 1962, 1956, 528, 10.12%, 0, 0, 2, 835.09, 400108, 4949, 0, 0
1354, 0, 17, 1964, 1958, 528, 10.12%, 0, 0, 2, 834.74, 404186, 4949, 0, 0
1359, 0, 20, 1998, 1991, 543, 10.13%, 0, 0, 2, 831.14, 408376, 4955, 0, 0
1364, 0, 20, 2011, 2004, 543, 10.13%, 0, 0, 2, 748.36, 412115, 4955, 0, 0
1369, 0, 20, 2025, 2018, 543, 10.13%, 0, 0, 2, 800.04, 416115, 4957, 0, 0
1375, 0, 23, 2036, 2027, 543, 10.15%, 0, 0, 2, 836.94, 420432, 4966, 0, 0
1380, 0, 29, 2070, 2060, 548, 10.18%, 0, 0, 2, 841.91, 424823, 4980, 0, 0
1385, 0, 37, 2076, 2065, 550, 10.19%, 0, 0, 2, 830.49, 429009, 4984, 0, 0
1390, 0, 37, 2081, 2070, 550, 10.19%, 0, 0, 2, 811.84, 432932, 4986, 0, 0
1395, 0, 37, 2084, 2073, 550, 10.20%, 0, 0, 2, 746.80, 436908, 4987, 0, 0
1400, 0, 38, 2093, 2081, 550, 10.21%, 0, 0, 2, 817.24, 441081, 4992, 0, 0
1405, 0, 38, 2100, 2088, 550, 10.25%, 0, 0, 2, 818.51, 445098, 5015, 0, 0
1410, 0, 38, 2104, 2092, 550, 10.25%, 0, 0, 2, 761.51, 449021, 5016, 0, 0
1415, 0, 38, 2108, 2096, 550, 10.26%, 0, 0, 2, 853.87, 453362, 5017, 0, 0
1421, 0, 38, 2114, 2102, 550, 10.26%, 0, 0, 2, 923.83, 458160, 5017, 0, 0
1426, 0, 38, 2118, 2106, 550, 10.27%, 0, 0, 2, 911.92, 462796, 5023, 0, 0
1431, 0, 38, 2119, 2107, 550, 10.27%, 0, 0, 2, 859.99, 466895, 5023, 0, 0
1436, 0, 38, 2120, 2108, 550, 10.27%, 0, 0, 2, 789.44, 470774, 5023, 0, 0
1441, 0, 38, 2120, 2108, 550, 10.27%, 0, 0, 2, 864.10, 475198, 5023, 0, 0
1446, 0, 54, 2138, 2122, 551, 10.28%, 0, 0, 2, 827.64, 479694, 5028, 0, 0
1451, 0, 54, 2170, 2154, 551, 10.30%, 0, 0, 2, 433.34, 482326, 5037, 0, 0
1456, 0, 54, 2171, 2155, 551, 10.30%, 0, 0, 2, 28.94, 483558, 5037, 0, 0
1461, 0, 54, 2174, 2158, 551, 10.30%, 0, 0, 2, 469.96, 485800, 5037, 0, 0
1467, 0, 54, 2191, 2175, 551, 10.30%, 0, 0, 2, 718.04, 489574, 5037, 0, 0
1472, 0, 54, 2206, 2190, 551, 10.30%, 0, 0, 2, 799.38, 493638, 5038, 0, 0
1477, 0, 54, 2216, 2200, 551, 10.30%, 0, 0, 2, 781.59, 497593, 5040, 0, 0
1482, 0, 54, 2220, 2204, 551, 10.30%, 0, 0, 2, 779.70, 501416, 5040, 0, 0
1487, 0, 54, 2222, 2206, 551, 10.30%, 0, 0, 2, 818.39, 505526, 5040, 0, 0
1492, 0, 54, 2224, 2208, 551, 10.30%, 0, 0, 2, 749.37, 509186, 5040, 0, 0
1497, 0, 54, 2227, 2211, 551, 10.30%, 0, 0, 2, 740.38, 513044, 5040, 0, 0
1502, 0, 54, 2229, 2213, 551, 10.30%, 0, 0, 2, 746.87, 516838, 5040, 0, 0
1507, 0, 54, 2230, 2214, 551, 10.31%, 0, 0, 2, 822.22, 521072, 5041, 0, 0
1512, 0, 54, 2233, 2217, 551, 10.31%, 0, 0, 2, 745.64, 524498, 5042, 0, 0
1517, 0, 55, 2252, 2235, 560, 10.35%, 0, 0, 2, 703.72, 527858, 5062, 0, 0
1522, 0, 55, 2266, 2249, 560, 10.36%, 0, 0, 2, 741.21, 531372, 5065, 0, 0
1527, 0, 55, 2278, 2261, 560, 10.36%, 0, 0, 2, 842.40, 535742, 5068, 0, 0
1532, 0, 55, 2282, 2265, 560, 10.37%, 0, 0, 2, 894.79, 540426, 5073, 0, 0
1538, 0, 55, 2287, 2270, 560, 10.38%, 0, 0, 2, 847.47, 544717, 5075, 0, 0
1543, 0, 55, 2288, 2271, 560, 10.38%, 0, 0, 2, 844.82, 548951, 5075, 0, 0
1548, 0, 55, 2291, 2274, 560, 10.38%, 0, 0, 2, 777.66, 552726, 5079, 0, 0
1553, 0, 55, 2295, 2278, 560, 10.38%, 0, 0, 2, 786.69, 556699, 5079, 0, 0
1558, 0, 62, 2331, 2310, 574, 10.40%, 0, 0, 2, 792.39, 560834, 5089, 0, 0
1563, 0, 62, 2354, 2333, 574, 10.41%, 0, 0, 2, 657.67, 564204, 5094, 0, 0
1568, 0, 62, 2364, 2343, 574, 10.42%, 0, 0, 2, 613.46, 567095, 5096, 0, 0
1573, 0, 62, 2365, 2344, 574, 10.42%, 0, 0, 2, 598.27, 570212, 5096, 0, 0
1578, 0, 62, 2379, 2358, 574, 10.42%, 0, 0, 2, 632.90, 573362, 5097, 0, 0
1583, 0, 62, 2392, 2371, 574, 10.42%, 0, 0, 2, 616.72, 576273, 5098, 0, 0
1588, 0, 62, 2396, 2375, 574, 10.42%, 0, 0, 2, 626.26, 579493, 5099, 0, 0
1593, 0, 62, 2400, 2379, 574, 10.42%, 0, 0, 2, 676.60, 582967, 5099, 0, 0
1599, 0, 62, 2409, 2388, 574, 10.42%, 0, 0, 2, 736.09, 586896, 5099, 0, 0
1604, 0, 62, 2413, 2392, 574, 10.43%, 0, 0, 2, 697.78, 590368, 5100, 0, 0
1609, 0, 62, 2415, 2394, 574, 10.43%, 0, 0, 2, 635.01, 593534, 5100, 0, 0
1614, 0, 62, 2416, 2395, 574, 10.43%, 0, 0, 2, 624.73, 596637, 5100, 0, 0
1619, 0, 62, 2416, 2395, 574, 10.43%, 0, 0, 2, 631.94, 599973, 5100, 0, 0
1624, 0, 62, 2420, 2399, 574, 10.43%, 0, 0, 2, 655.48, 603270, 5101, 0, 0
1629, 0, 62, 2424, 2403, 574, 10.43%, 0, 0, 2, 669.75, 606704, 5102, 0, 0
1634, 0, 62, 2425, 2404, 574, 10.43%, 0, 0, 2, 648.93, 610169, 5103, 0, 0
1639, 0, 67, 2456, 2434, 588, 10.49%, 0, 0, 2, 637.69, 613217, 5130, 0, 0
1644, 0, 67, 2483, 2461, 588, 10.50%, 0, 0, 2, 697.05, 616823, 5136, 0, 0
1649, 0, 67, 2489, 2467, 588, 10.50%, 0, 0, 2, 714.20, 620412, 5136, 0, 0
1654, 0, 67, 2493, 2471, 588, 10.50%, 0, 0, 2, 643.17, 623731, 5136, 0, 0
1659, 0, 67, 2497, 2475, 588, 10.50%, 0, 0, 2, 610.44, 626890, 5136, 0, 0
1664, 0, 67, 2499, 2477, 588, 10.50%, 0, 0, 2, 651.21, 630396, 5136, 0, 0
1670, 0, 67, 2501, 2479, 588, 10.50%, 0, 0, 2, 705.07, 633880, 5136, 0, 0
1675, 0, 67, 2505, 2483, 588, 10.50%, 0, 0, 2, 698.92, 637450, 5138, 0, 0
1680, 0, 67, 2507, 2485, 588, 10.50%, 0, 0, 2, 739.92, 641272, 5138, 0, 0
1685, 0, 67, 2510, 2488, 588, 10.50%, 0, 0, 2, 766.35, 645128, 5138, 0, 0
1690, 0, 67, 2511, 2489, 588, 10.50%, 0, 0, 2, 684.71, 648557, 5138, 0, 0
1695, 0, 67, 2512, 2490, 588, 10.50%, 0, 0, 2, 717.02, 652255, 5138, 0, 0
1700, 0, 67, 2513, 2491, 588, 10.51%, 0, 0, 2, 667.33, 655604, 5139, 0, 0
1705, 0, 67, 2513, 2491, 588, 10.51%, 0, 0, 2, 543.11, 658490, 5139, 0, 0
1710, 0, 67, 2513, 2491, 588, 10.51%, 0, 0, 2, 709.38, 662299, 5139, 0, 0
1715, 0, 70, 2537, 2514, 602, 10.52%, 0, 0, 2, 736.53, 665984, 5146, 0, 0
1720, 0, 70, 2557, 2534, 602, 10.54%, 0, 0, 2, 768.72, 669882, 5155, 0, 0
1726, 0, 70, 2570, 2547, 602, 10.56%, 0, 0, 2, 802.98, 673948, 5163, 0, 0
1731, 0, 71, 2585, 2561, 608, 10.56%, 0, 0, 2, 501.75, 676337, 5166, 0, 0
1736, 0, 71, 2590, 2566, 608, 10.57%, 0, 0, 2, 349.82, 677915, 5170, 0, 0
1741, 0, 71, 2590, 2566, 608, 10.57%, 0, 0, 2, 300.53, 679303, 5170, 0, 0
1746, 0, 71, 2590, 2566, 608, 10.57%, 0, 0, 2, 316.48, 680939, 5170, 0, 0
1751, 0, 71, 2590, 2566, 608, 10.57%, 0, 0, 2, 322.22, 682547, 5170, 0, 0
1756, 0, 71, 2591, 2567, 608, 10.57%, 0, 0, 2, 326.54, 684264, 5171, 0, 0
1761, 0, 71, 2591, 2567, 608, 10.57%, 0, 0, 2, 285.13, 685650, 5171, 0, 0
1766, 0, 71, 2591, 2567, 608, 10.57%, 0, 0, 2, 223.93, 686806, 5171, 0, 0
1771, 0, 71, 2591, 2567, 608, 10.57%, 0, 0, 2, 264.82, 688220, 5171, 0, 0
1776, 0, 71, 2592, 2568, 608, 10.57%, 0, 0, 2, 254.11, 689417, 5171, 0, 0
1781, 0, 71, 2592, 2568, 608, 10.57%, 0, 0, 2, 283.04, 690862, 5171, 0, 0
1786, 0, 71, 2592, 2568, 608, 10.57%, 0, 0, 2, 312.52, 692443, 5171, 0, 0
1791, 0, 71, 2592, 2568, 608, 10.57%, 0, 0, 2, 311.15, 694015, 5171, 0, 0
1796, 0, 71, 2592, 2568, 608, 10.57%, 0, 0, 2, 302.11, 695509, 5171, 0, 0
1801, 0, 71, 2594, 2570, 608, 10.57%, 0, 0, 2, 306.57, 697089, 5171, 0, 0
1807, 0, 71, 2594, 2570, 608, 10.57%, 0, 0, 2, 285.12, 698511, 5171, 0, 0
1812, 0, 71, 2594, 2570, 608, 10.57%, 0, 0, 2, 261.87, 699861, 5171, 0, 0
1817, 0, 71, 2594, 2570, 608, 10.57%, 0, 0, 2, 254.43, 701101, 5171, 0, 0
1822, 0, 71, 2594, 2570, 608, 10.57%, 0, 0, 2, 241.31, 702319, 5171, 0, 0
1827, 0, 71, 2594, 2570, 608, 10.57%, 0, 0, 2, 251.01, 703651, 5171, 0, 0
1832, 0, 71, 2594, 2570, 608, 10.57%, 0, 0, 2, 249.33, 704916, 5171, 0, 0
1837, 0, 71, 2594, 2570, 608, 10.57%, 0, 0, 2, 283.29, 706346, 5171, 0, 0
1842, 0, 71, 2594, 2570, 608, 10.57%, 0, 0, 2, 296.66, 707841, 5171, 0, 0
1847, 0, 71, 2594, 2570, 608, 10.57%, 0, 0, 2, 301.54, 709407, 5171, 0, 0
1852, 0, 71, 2594, 2570, 608, 10.57%, 0, 0, 2, 305.79, 710949, 5171, 0, 0
1857, 0, 71, 2594, 2570, 608, 10.57%, 0, 0, 2, 294.69, 712451, 5171, 0, 0
1862, 0, 71, 2594, 2570, 608, 10.57%, 0, 0, 2, 287.72, 713946, 5171, 0, 0
1867, 0, 71, 2594, 2570, 608, 10.57%, 0, 0, 2, 283.99, 715371, 5171, 0, 0
1873, 0, 71, 2594, 2570, 608, 10.57%, 0, 0, 2, 208.69, 716359, 5171, 0, 0
1878, 0, 71, 2594, 2570, 608, 10.57%, 0, 0, 2, 148.25, 717020, 5171, 0, 0
1883, 0, 71, 2595, 2571, 608, 10.57%, 0, 0, 2, 154.98, 717792, 5171, 0, 0
1888, 0, 71, 2595, 2571, 608, 10.57%, 0, 0, 2, 176.37, 718758, 5171, 0, 0
1893, 0, 71, 2595, 2571, 608, 10.57%, 0, 0, 2, 124.72, 719352, 5171, 0, 0
1898, 0, 71, 2595, 2571, 608, 10.57%, 0, 0, 2, 86.33, 719766, 5171, 0, 0
1903, 0, 71, 2595, 2571, 608, 10.57%, 0, 0, 2, 66.97, 720110, 5171, 0, 0
1908, 0, 71, 2595, 2571, 608, 10.57%, 0, 0, 2, 118.29, 720720, 5171, 0, 0
1914, 0, 71, 2595, 2571, 608, 10.57%, 0, 0, 2, 92.47, 721184, 5171, 0, 0
1919, 0, 71, 2595, 2571, 608, 10.57%, 0, 0, 2, 112.09, 721827, 5171, 0, 0
1924, 0, 71, 2595, 2571, 608, 10.57%, 0, 0, 2, 126.80, 722521, 5171, 0, 0
1929, 0, 71, 2595, 2571, 608, 10.57%, 0, 0, 2, 109.35, 723095, 5171, 0, 0
1934, 0, 71, 2595, 2571, 608, 10.57%, 0, 0, 2, 114.91, 723699, 5171, 0, 0
1939, 0, 71, 2595, 2571, 608, 10.57%, 0, 0, 2, 167.55, 724530, 5171, 0, 0
1944, 0, 71, 2595, 2571, 608, 10.57%, 0, 0, 2, 173.31, 725418, 5171, 0, 0
1950, 0, 71, 2595, 2571, 608, 10.57%, 0, 0, 2, 122.86, 726063, 5171, 0, 0
1955, 0, 71, 2595, 2571, 608, 10.57%, 0, 0, 2, 72.51, 726352, 5171, 0, 0
1960, 0, 71, 2595, 2571, 608, 10.57%, 0, 0, 2, 66.93, 726677, 5171, 0, 0
1965, 0, 71, 2595, 2571, 608, 10.57%, 0, 0, 2, 66.45, 727015, 5171, 0, 0
1970, 0, 71, 2595, 2571, 608, 10.57%, 0, 0, 2, 65.11, 727344, 5171, 0, 0
1975, 0, 71, 2595, 2571, 608, 10.57%, 0, 0, 2, 95.09, 727821, 5171, 0, 0
1980, 0, 71, 2596, 2572, 608, 10.57%, 0, 0, 2, 129.30, 728503, 5172, 0, 0
1985, 0, 71, 2597, 2573, 608, 10.58%, 0, 0, 2, 121.99, 729089, 5173, 0, 0
1990, 0, 71, 2598, 2574, 608, 10.58%, 0, 0, 2, 215.39, 730266, 5173, 0, 0
1995, 0, 71, 2598, 2574, 608, 10.58%, 0, 0, 2, 256.36, 731596, 5173, 0, 0
2000, 0, 71, 2598, 2574, 608, 10.58%, 0, 0, 2, 267.80, 732941, 5173, 0, 0
2005, 0, 71, 2601, 2577, 608, 10.58%, 0, 0, 2, 312.22, 734526, 5175, 0, 0
2011, 0, 74, 2602, 2576, 618, 10.58%, 0, 0, 2, 307.77, 736180, 5175, 0, 0
2016, 0, 74, 2711, 2685, 618, 10.65%, 0, 0, 2, 425.99, 738066, 5209, 0, 0
2021, 0, 80, 2823, 2796, 636, 10.67%, 0, 0, 2, 498.75, 740745, 5221, 0, 0
2026, 0, 80, 2835, 2808, 636, 10.67%, 0, 0, 2, 518.78, 743514, 5221, 0, 0
2031, 0, 80, 2841, 2814, 636, 10.67%, 0, 0, 2, 550.64, 746339, 5221, 0, 0
2036, 0, 80, 2845, 2818, 636, 10.67%, 0, 0, 2, 565.38, 749161, 5221, 0, 0
2041, 0, 98, 2878, 2844, 632, 10.71%, 0, 0, 2, 806.17, 753576, 5237, 0, 0
2046, 0, 98, 2880, 2846, 632, 10.71%, 0, 0, 2, 856.83, 757981, 5237, 0, 0
2051, 0, 115, 2893, 2855, 633, 10.71%, 0, 0, 2, 838.34, 762302, 5238, 0, 0
2057, 0, 115, 2911, 2873, 633, 10.71%, 0, 0, 2, 766.88, 766187, 5238, 0, 0
2062, 0, 115, 2918, 2880, 633, 10.71%, 0, 0, 2, 686.47, 769564, 5238, 0, 0
2067, 0, 117, 2928, 2888, 631, 10.73%, 0, 0, 2, 674.50, 772923, 5246, 0, 0
2072, 0, 117, 2930, 2890, 631, 10.73%, 0, 0, 2, 524.67, 775555, 5246, 0, 0
2077, 0, 117, 2934, 2894, 631, 10.73%, 0, 0, 2, 730.44, 779451, 5246, 0, 0
2082, 0, 120, 2945, 2904, 634, 10.73%, 0, 0, 2, 100.63, 781876, 5247, 0, 0
2087, 0, 120, 2954, 2913, 634, 10.73%, 0, 0, 2, 111.16, 782465, 5247, 0, 0
2092, 0, 120, 2958, 2917, 634, 10.73%, 0, 0, 2, 114.20, 783076, 5247, 0, 0
2097, 0, 120, 2959, 2918, 634, 10.73%, 0, 0, 2, 100.38, 783587, 5247, 0, 0
2102, 0, 120, 2967, 2926, 634, 10.73%, 0, 0, 2, 125.79, 784280, 5248, 0, 0
2107, 0, 120, 2967, 2926, 634, 10.73%, 0, 0, 2, 125.22, 784958, 5248, 0, 0
2112, 0, 120, 2967, 2926, 634, 10.73%, 0, 0, 2, 84.64, 785357, 5248, 0, 0
2118, 0, 120, 2967, 2926, 634, 10.73%, 0, 0, 2, 84.22, 785753, 5248, 0, 0
2123, 0, 120, 2967, 2926, 634, 10.73%, 0, 0, 2, 91.26, 786243, 5248, 0, 0
2128, 0, 120, 2967, 2926, 634, 10.73%, 0, 0, 2, 104.78, 786793, 5248, 0, 0
2133, 0, 120, 2967, 2926, 634, 10.73%, 0, 0, 2, 91.50, 787253, 5248, 0, 0
2138, 0, 120, 2967, 2926, 634, 10.73%, 0, 0, 2, 120.62, 787911, 5248, 0, 0
2143, 0, 120, 2967, 2926, 634, 10.73%, 0, 0, 2, 104.95, 788433, 5248, 0, 0
2148, 0, 120, 2967, 2926, 634, 10.73%, 0, 0, 2, 97.35, 788917, 5248, 0, 0
2153, 0, 120, 2967, 2926, 634, 10.73%, 0, 0, 2, 106.79, 789449, 5248, 0, 0
2158, 0, 120, 2967, 2926, 634, 10.73%, 0, 0, 2, 120.97, 790065, 5248, 0, 0
2164, 0, 120, 2967, 2926, 634, 10.73%, 0, 0, 2, 111.40, 790611, 5248, 0, 0
2169, 0, 120, 2967, 2926, 634, 10.73%, 0, 0, 2, 124.43, 791285, 5248, 0, 0
2174, 0, 120, 2967, 2926, 634, 10.73%, 0, 0, 2, 104.37, 791821, 5248, 0, 0
2179, 0, 120, 2967, 2926, 634, 10.73%, 0, 0, 2, 103.36, 792335, 5248, 0, 0
2184, 0, 120, 2967, 2926, 634, 10.73%, 0, 0, 2, 101.39, 792837, 5248, 0, 0
2189, 0, 120, 2967, 2926, 634, 10.73%, 0, 0, 2, 98.65, 793348, 5248, 0, 0
2194, 0, 120, 2967, 2926, 634, 10.73%, 0, 0, 2, 95.96, 793831, 5248, 0, 0
2199, 0, 120, 2967, 2926, 634, 10.73%, 0, 0, 2, 125.51, 794544, 5248, 0, 0
2204, 0, 120, 2967, 2926, 634, 10.73%, 0, 0, 2, 130.59, 795188, 5248, 0, 0
2209, 0, 120, 2967, 2926, 634, 10.73%, 0, 0, 2, 138.23, 795918, 5248, 0, 0
2214, 0, 120, 2967, 2926, 634, 10.73%, 0, 0, 2, 140.97, 796624, 5248, 0, 0
2219, 0, 120, 2967, 2926, 634, 10.73%, 0, 0, 2, 142.81, 797326, 5248, 0, 0
2224, 0, 120, 2967, 2926, 634, 10.73%, 0, 0, 2, 113.41, 797850, 5248, 0, 0
2229, 0, 120, 2967, 2926, 634, 10.73%, 0, 0, 2, 101.68, 798350, 5248, 0, 0
2235, 0, 120, 2967, 2926, 634, 10.73%, 0, 0, 2, 100.04, 798863, 5248, 0, 0
2240, 0, 120, 2967, 2926, 634, 10.73%, 0, 0, 2, 105.37, 799388, 5248, 0, 0
2245, 0, 120, 2967, 2926, 634, 10.73%, 0, 0, 2, 96.07, 799881, 5248, 0, 0
2250, 0, 120, 2967, 2926, 634, 10.73%, 0, 0, 2, 106.80, 800426, 5248, 0, 0
2255, 0, 120, 2967, 2926, 634, 10.73%, 0, 0, 2, 91.77, 800874, 5248, 0, 0
2260, 0, 120, 2967, 2926, 634, 10.73%, 0, 0, 2, 82.93, 801334, 5248, 0, 0
2266, 0, 120, 2967, 2926, 634, 10.73%, 0, 0, 2, 97.32, 801832, 5248, 0, 0
2271, 0, 120, 2967, 2926, 634, 10.73%, 0, 0, 2, 106.45, 802373, 5248, 0, 0
2276, 0, 120, 2967, 2926, 634, 10.73%, 0, 0, 2, 112.83, 802969, 5248, 0, 0
2281, 0, 120, 2967, 2926, 634, 10.73%, 0, 0, 2, 115.86, 803567, 5248, 0, 0
2286, 0, 120, 2967, 2926, 634, 10.73%, 0, 0, 2, 127.20, 804197, 5248, 0, 0
2291, 0, 120, 2967, 2926, 634, 10.73%, 0, 0, 2, 109.48, 804715, 5248, 0, 0
2296, 0, 120, 2967, 2926, 634, 10.73%, 0, 0, 2, 102.62, 805219, 5248, 0, 0
2301, 0, 120, 2967, 2926, 634, 10.73%, 0, 0, 2, 93.76, 805669, 5248, 0, 0
2306, 0, 120, 2967, 2926, 634, 10.73%, 0, 0, 2, 115.91, 806291, 5248, 0, 0
2311, 0, 120, 2967, 2926, 634, 10.73%, 0, 0, 2, 95.38, 806754, 5248, 0, 0
2317, 0, 120, 2967, 2926, 634, 10.73%, 0, 0, 2, 98.17, 807226, 5248, 0, 0
2322, 0, 120, 2967, 2926, 634, 10.73%, 0, 0, 2, 103.68, 807761, 5248, 0, 0
2327, 0, 120, 2967, 2926, 634, 10.73%, 0, 0, 2, 107.20, 808297, 5248, 0, 0
2332, 0, 120, 2968, 2927, 634, 10.73%, 0, 0, 2, 101.78, 808776, 5248, 0, 0
2337, 0, 120, 2968, 2927, 634, 10.73%, 0, 0, 2, 117.38, 809374, 5248, 0, 0
2342, 0, 120, 2968, 2927, 634, 10.73%, 0, 0, 2, 116.37, 809972, 5248, 0, 0
2347, 0, 120, 2968, 2927, 634, 10.73%, 0, 0, 2, 117.40, 810586, 5248, 0, 0
2352, 0, 120, 2968, 2927, 634, 10.73%, 0, 0, 2, 98.45, 811128, 5248, 0, 0
2357, 0, 120, 2968, 2927, 634, 10.73%, 0, 0, 2, 98.75, 811642, 5248, 0, 0
2362, 0, 120, 2968, 2927, 634, 10.73%, 0, 0, 2, 114.78, 812190, 5248, 0, 0
2367, 0, 120, 2968, 2927, 634, 10.73%, 0, 0, 2, 108.75, 812750, 5248, 0, 0
2372, 0, 120, 2968, 2927, 634, 10.73%, 0, 0, 2, 97.02, 813220, 5248, 0, 0
2377, 0, 120, 2968, 2927, 634, 10.73%, 0, 0, 2, 92.88, 813689, 5248, 0, 0
2383, 0, 120, 2968, 2927, 634, 10.73%, 0, 0, 2, 115.09, 814342, 5248, 0, 0
2388, 0, 120, 2968, 2927, 634, 10.73%, 0, 0, 2, 113.51, 814890, 5248, 0, 0
2393, 0, 120, 2968, 2927, 634, 10.73%, 0, 0, 2, 131.48, 815578, 5248, 0, 0
2398, 0, 120, 2968, 2927, 634, 10.73%, 0, 0, 2, 111.71, 816126, 5248, 0, 0
2403, 0, 120, 2968, 2927, 634, 10.73%, 0, 0, 2, 114.36, 816700, 5248, 0, 0
2408, 0, 120, 2968, 2927, 634, 10.73%, 0, 0, 2, 109.18, 817264, 5248, 0, 0
2413, 0, 120, 2968, 2927, 634, 10.73%, 0, 0, 2, 96.47, 817748, 5248, 0, 0
2418, 0, 120, 2968, 2927, 634, 10.73%, 0, 0, 2, 100.45, 818238, 5248, 0, 0
2423, 0, 120, 2968, 2927, 634, 10.73%, 0, 0, 2, 102.95, 818746, 5248, 0, 0
2428, 0, 120, 2968, 2927, 634, 10.73%, 0, 0, 2, 100.89, 819245, 5248, 0, 0
2433, 0, 120, 2968, 2927, 634, 10.73%, 0, 0, 2, 106.65, 819803, 5248, 0, 0
2438, 0, 120, 2968, 2927, 634, 10.73%, 0, 0, 2, 115.79, 820375, 5248, 0, 0
2443, 0, 120, 2968, 2927, 634, 10.73%, 0, 0, 2, 113.15, 820941, 5248, 0, 0
2448, 0, 120, 2968, 2927, 634, 10.73%, 0, 0, 2, 119.68, 821541, 5248, 0, 0
2453, 0, 120, 2968, 2927, 634, 10.73%, 0, 0, 2, 116.42, 822129, 5248, 0, 0
2458, 0, 120, 2968, 2927, 634, 10.73%, 0, 0, 2, 121.59, 822743, 5248, 0, 0
2463, 0, 120, 2968, 2927, 634, 10.73%, 0, 0, 2, 114.58, 823309, 5248, 0, 0
2468, 0, 120, 2968, 2927, 634, 10.73%, 0, 0, 2, 122.31, 823927, 5248, 0, 0
2473, 0, 120, 2968, 2927, 634, 10.73%, 0, 0, 2, 105.29, 824443, 5248, 0, 0
2478, 0, 120, 2969, 2928, 634, 10.73%, 0, 0, 2, 112.48, 825004, 5248, 0, 0
2484, 0, 120, 2969, 2928, 634, 10.73%, 0, 0, 2, 120.94, 825626, 5248, 0, 0
2489, 0, 120, 2969, 2928, 634, 10.73%, 0, 0, 2, 111.66, 826168, 5248, 0, 0
2494, 0, 120, 2969, 2928, 634, 10.73%, 0, 0, 2, 94.43, 826615, 5248, 0, 0
2499, 0, 120, 2969, 2928, 634, 10.73%, 0, 0, 2, 111.17, 827204, 5248, 0, 0
2504, 0, 120, 2969, 2928, 634, 10.73%, 0, 0, 2, 115.26, 827792, 5248, 0, 0
2509, 0, 120, 2969, 2928, 634, 10.73%, 0, 0, 2, 105.92, 828324, 5248, 0, 0
2514, 0, 120, 2970, 2929, 634, 10.73%, 0, 0, 2, 106.66, 828855, 5248, 0, 0
2519, 0, 120, 2970, 2929, 634, 10.73%, 0, 0, 2, 98.83, 829342, 5248, 0, 0
2524, 0, 120, 2970, 2929, 634, 10.73%, 0, 0, 2, 99.63, 829841, 5248, 0, 0
2529, 0, 120, 2970, 2929, 634, 10.73%, 0, 0, 2, 94.32, 830325, 5248, 0, 0
2535, 0, 120, 2970, 2929, 634, 10.73%, 0, 0, 2, 92.63, 830780, 5248, 0, 0
2540, 0, 120, 2970, 2929, 634, 10.73%, 0, 0, 2, 102.81, 831309, 5248, 0, 0
2545, 0, 120, 2971, 2930, 634, 10.73%, 0, 0, 2, 122.49, 831912, 5248, 0, 0
2550, 0, 120, 2971, 2930, 634, 10.73%, 0, 0, 2, 105.45, 832454, 5248, 0, 0
2555, 0, 120, 2971, 2930, 634, 10.73%, 0, 0, 2, 98.98, 832886, 5248, 0, 0
2560, 0, 120, 2971, 2930, 634, 10.73%, 0, 0, 2, 118.02, 833515, 5248, 0, 0
2565, 0, 120, 2971, 2930, 634, 10.73%, 0, 0, 2, 114.40, 834083, 5248, 0, 0
2570, 0, 120, 2971, 2930, 634, 10.73%, 0, 0, 2, 119.73, 834675, 5248, 0, 0
2575, 0, 120, 2971, 2930, 634, 10.73%, 0, 0, 2, 129.81, 835337, 5248, 0, 0
2580, 0, 120, 2971, 2930, 634, 10.73%, 0, 0, 2, 127.21, 835989, 5248, 0, 0
2585, 0, 120, 2971, 2930, 634, 10.73%, 0, 0, 2, 123.42, 836599, 5248, 0, 0
2590, 0, 120, 2971, 2930, 634, 10.73%, 0, 0, 2, 127.26, 837221, 5248, 0, 0
2596, 0, 120, 2971, 2930, 634, 10.73%, 0, 0, 2, 113.52, 837807, 5248, 0, 0
2601, 0, 120, 2971, 2930, 634, 10.73%, 0, 0, 2, 119.48, 838413, 5248, 0, 0
2606, 0, 120, 2971, 2930, 634, 10.73%, 0, 0, 2, 121.37, 839027, 5248, 0, 0
2611, 0, 120, 2971, 2930, 634, 10.73%, 0, 0, 2, 102.05, 839549, 5248, 0, 0
2616, 0, 120, 2971, 2930, 634, 10.73%, 0, 0, 2, 109.58, 840073, 5248, 0, 0
2621, 0, 120, 2971, 2930, 634, 10.73%, 0, 0, 2, 117.54, 840689, 5248, 0, 0
2626, 0, 120, 2971, 2930, 634, 10.73%, 0, 0, 2, 119.32, 841279, 5248, 0, 0
2631, 0, 120, 2971, 2930, 634, 10.73%, 0, 0, 2, 113.26, 841839, 5248, 0, 0
2636, 0, 120, 2971, 2930, 634, 10.73%, 0, 0, 2, 119.31, 842475, 5248, 0, 0
2641, 0, 120, 2971, 2930, 634, 10.73%, 0, 0, 2, 119.82, 843111, 5248, 0, 0
2646, 0, 120, 2971, 2930, 634, 10.73%, 0, 0, 2, 111.57, 843695, 5248, 0, 0
2651, 0, 120, 2971, 2930, 634, 10.73%, 0, 0, 2, 107.27, 844237, 5248, 0, 0
2657, 0, 120, 2971, 2930, 634, 10.73%, 0, 0, 2, 114.87, 844833, 5248, 0, 0
2662, 0, 120, 2971, 2930, 634, 10.73%, 0, 0, 2, 111.15, 845389, 5248, 0, 0
2667, 0, 120, 2971, 2930, 634, 10.73%, 0, 0, 2, 114.35, 845989, 5248, 0, 0
2672, 0, 120, 2971, 2930, 634, 10.73%, 0, 0, 2, 100.70, 846517, 5248, 0, 0
2677, 0, 120, 2971, 2930, 634, 10.73%, 0, 0, 2, 108.08, 847081, 5248, 0, 0
2682, 0, 120, 2972, 2931, 634, 10.73%, 0, 0, 2, 134.29, 847747, 5248, 0, 0
2687, 0, 120, 2972, 2931, 634, 10.73%, 0, 0, 2, 210.13, 848812, 5248, 0, 0
2692, 0, 120, 2976, 2935, 634, 10.73%, 0, 0, 2, 200.76, 849944, 5248, 0, 0
2697, 0, 120, 2978, 2937, 634, 10.73%, 0, 0, 2, 186.58, 850851, 5248, 0, 0
2702, 0, 120, 2979, 2938, 634, 10.73%, 0, 0, 2, 175.95, 851743, 5248, 0, 0
2707, 0, 120, 2980, 2939, 634, 10.73%, 0, 0, 2, 182.95, 852650, 5248, 0, 0
2712, 0, 120, 2980, 2939, 634, 10.73%, 0, 0, 2, 188.56, 853622, 5248, 0, 0
2717, 0, 120, 2981, 2940, 634, 10.73%, 0, 0, 2, 181.53, 854523, 5249, 0, 0
2722, 0, 120, 2981, 2940, 634, 10.73%, 0, 0, 2, 178.43, 855408, 5249, 0, 0
2727, 0, 120, 2981, 2940, 634, 10.73%, 0, 0, 2, 150.11, 856122, 5249, 0, 0
2732, 0, 120, 2981, 2940, 634, 10.73%, 0, 0, 2, 146.14, 856861, 5249, 0, 0
2737, 0, 120, 2981, 2940, 634, 10.73%, 0, 0, 2, 159.74, 857667, 5249, 0, 0
2743, 0, 120, 2981, 2940, 634, 10.73%, 0, 0, 2, 156.87, 858462, 5249, 0, 0
2748, 0, 120, 2981, 2940, 634, 10.73%, 0, 0, 2, 152.70, 859203, 5249, 0, 0
2753, 0, 120, 2981, 2940, 634, 10.73%, 0, 0, 2, 151.03, 859938, 5249, 0, 0
2758, 0, 120, 2982, 2941, 634, 10.73%, 0, 0, 2, 140.28, 860658, 5249, 0, 0
2763, 0, 120, 2982, 2941, 634, 10.73%, 0, 0, 2, 146.77, 861418, 5249, 0, 0
2768, 0, 120, 2982, 2941, 634, 10.73%, 0, 0, 2, 154.60, 862216, 5249, 0, 0
2773, 0, 120, 2983, 2942, 634, 10.73%, 0, 0, 2, 152.56, 863033, 5249, 0, 0
2778, 0, 120, 2985, 2944, 634, 10.73%, 0, 0, 2, 160.58, 863851, 5249, 0, 0
2783, 0, 120, 2986, 2945, 634, 10.73%, 0, 0, 2, 157.04, 864641, 5249, 0, 0
2788, 0, 120, 2986, 2945, 634, 10.73%, 0, 0, 2, 160.13, 865445, 5249, 0, 0
2793, 0, 120, 2986, 2945, 634, 10.73%, 0, 0, 2, 155.42, 866243, 5249, 0, 0
2798, 0, 120, 2986, 2945, 634, 10.73%, 0, 0, 2, 167.99, 867095, 5249, 0, 0
2803, 0, 120, 2987, 2946, 634, 10.73%, 0, 0, 2, 164.68, 867942, 5249, 0, 0
2809, 0, 120, 2987, 2946, 634, 10.73%, 0, 0, 2, 160.63, 868764, 5249, 0, 0
2814, 0, 120, 2987, 2946, 634, 10.73%, 0, 0, 2, 167.23, 869622, 5249, 0, 0
2819, 0, 120, 2988, 2947, 634, 10.73%, 0, 0, 2, 163.02, 870457, 5249, 0, 0
2824, 0, 120, 2988, 2947, 634, 10.73%, 0, 0, 2, 157.41, 871211, 5249, 0, 0
2829, 0, 120, 2988, 2947, 634, 10.73%, 0, 0, 2, 158.38, 872015, 5249, 0, 0
2834, 0, 120, 2988, 2947, 634, 10.73%, 0, 0, 2, 135.53, 872615, 5249, 0, 0
2839, 0, 120, 2989, 2948, 634, 10.73%, 0, 0, 2, 156.41, 873420, 5249, 0, 0
2844, 0, 120, 2989, 2948, 634, 10.73%, 0, 0, 2, 156.75, 874221, 5249, 0, 0
2849, 0, 120, 2989, 2948, 634, 10.73%, 0, 0, 2, 158.20, 875028, 5249, 0, 0
2854, 0, 120, 2989, 2948, 634, 10.73%, 0, 0, 2, 155.03, 875802, 5249, 0, 0
2859, 0, 120, 2989, 2948, 634, 10.73%, 0, 0, 2, 168.49, 876654, 5249, 0, 0
2864, 0, 120, 2989, 2948, 634, 10.73%, 0, 0, 2, 159.18, 877458, 5249, 0, 0
2869, 0, 120, 2990, 2949, 634, 10.73%, 0, 0, 2, 162.38, 878296, 5249, 0, 0
2874, 0, 120, 2990, 2949, 634, 10.73%, 0, 0, 2, 174.45, 879199, 5249, 0, 0
2879, 0, 120, 2991, 2950, 634, 10.73%, 0, 0, 2, 165.12, 880017, 5249, 0, 0
2885, 0, 120, 2991, 2950, 634, 10.73%, 0, 0, 2, 158.80, 880836, 5249, 0, 0
2890, 0, 120, 2992, 2951, 634, 10.73%, 0, 0, 2, 180.13, 881785, 5249, 0, 0
2895, 0, 120, 2992, 2951, 634, 10.73%, 0, 0, 2, 175.06, 882637, 5249, 0, 0
2900, 0, 120, 2992, 2951, 634, 10.73%, 0, 0, 2, 176.97, 883513, 5249, 0, 0
2905, 0, 120, 2992, 2951, 634, 10.73%, 0, 0, 2, 178.60, 884392, 5249, 0, 0
2910, 0, 120, 2992, 2951, 634, 10.73%, 0, 0, 2, 177.12, 885286, 5249, 0, 0
2915, 0, 120, 2992, 2951, 634, 10.73%, 0, 0, 2, 174.49, 886171, 5249, 0, 0
2920, 0, 120, 2992, 2951, 634, 10.73%, 0, 0, 2, 168.69, 887008, 5249, 0, 0
2925, 0, 120, 2993, 2952, 634, 10.73%, 0, 0, 2, 174.05, 887876, 5249, 0, 0
2930, 0, 122, 3156, 3113, 634, 10.79%, 0, 0, 2, 365.59, 890117, 5277, 0, 0
2935, 0, 125, 3227, 3183, 643, 10.81%, 0, 0, 2, 693.76, 893711, 5286, 0, 0
2940, 0, 127, 3234, 3188, 642, 10.81%, 0, 0, 2, 825.57, 898024, 5286, 0, 0
2945, 0, 127, 3237, 3191, 642, 10.81%, 0, 0, 2, 872.16, 902567, 5286, 0, 0
2950, 0, 127, 3238, 3192, 642, 10.81%, 0, 0, 2, 884.39, 907113, 5286, 0, 0
2956, 0, 133, 3244, 3194, 638, 10.81%, 0, 0, 2, 718.26, 910644, 5286, 0, 0
2961, 0, 138, 3251, 3198, 635, 10.81%, 0, 0, 2, 342.09, 912006, 5286, 0, 0
2966, 0, 138, 3255, 3202, 635, 10.81%, 0, 0, 2, 236.84, 913001, 5286, 0, 0
2971, 0, 138, 3258, 3205, 635, 10.81%, 0, 0, 2, 214.41, 914058, 5286, 0, 0
2976, 0, 138, 3258, 3205, 635, 10.81%, 0, 0, 2, 211.40, 915122, 5286, 0, 0
2981, 0, 138, 3260, 3207, 635, 10.81%, 0, 0, 2, 205.96, 916140, 5286, 0, 0
2986, 0, 138, 3260, 3207, 635, 10.81%, 0, 0, 2, 201.04, 917140, 5286, 0, 0
2991, 0, 138, 3260, 3207, 635, 10.81%, 0, 0, 2, 206.50, 918184, 5286, 0, 0
2996, 0, 138, 3260, 3207, 635, 10.81%, 0, 0, 2, 196.67, 919197, 5286, 0, 0
3001, 0, 138, 3260, 3207, 635, 10.81%, 0, 0, 2, 205.42, 920252, 5286, 0, 0
3006, 0, 149, 3266, 3211, 634, 10.81%, 0, 0, 2, 573.64, 923031, 5286, 0, 0
3012, 0, 158, 3272, 3216, 633, 10.82%, 0, 0, 2, 785.35, 927432, 5291, 0, 0
3017, 0, 158, 3278, 3222, 633, 10.82%, 0, 0, 2, 812.07, 931506, 5293, 0, 0
3022, 0, 164, 3280, 3223, 637, 10.83%, 0, 0, 2, 815.44, 935664, 5295, 0, 0
3027, 0, 184, 3291, 3228, 633, 10.83%, 0, 0, 2, 826.94, 940055, 5297, 0, 0
3032, 0, 184, 3294, 3231, 633, 10.83%, 0, 0, 2, 819.28, 944284, 5299, 0, 0
3037, 0, 184, 3296, 3233, 633, 10.84%, 0, 0, 2, 716.76, 947976, 5303, 0, 0
3042, 0, 205, 3299, 3232, 629, 10.84%, 0, 0, 2, 617.40, 950867, 5303, 0, 0
3048, 0, 210, 3319, 3249, 626, 10.84%, 0, 0, 2, 621.03, 954163, 5303, 0, 0
3053, 0, 210, 3321, 3251, 626, 10.84%, 0, 0, 2, 633.50, 957345, 5304, 0, 0
3058, 0, 210, 3324, 3254, 626, 10.84%, 0, 0, 2, 676.11, 960774, 5304, 0, 0
3063, 0, 210, 3325, 3255, 626, 10.84%, 0, 0, 2, 738.95, 964567, 5304, 0, 0
3068, 0, 212, 3341, 3270, 626, 10.85%, 0, 0, 2, 731.51, 968393, 5308, 0, 0
3073, 0, 212, 3345, 3274, 626, 10.86%, 0, 0, 2, 735.40, 972143, 5312, 0, 0
3078, 0, 212, 3348, 3277, 626, 10.86%, 0, 0, 2, 783.19, 976210, 5314, 0, 0
3083, 0, 217, 3367, 3293, 625, 10.87%, 0, 0, 2, 656.17, 979639, 5319, 0, 0
3088, 0, 217, 3371, 3297, 625, 10.88%, 0, 0, 2, 562.74, 982388, 5321, 0, 0
3093, 0, 217, 3377, 3303, 625, 10.88%, 0, 0, 2, 566.02, 985213, 5321, 0, 0
3098, 0, 217, 3379, 3305, 625, 10.88%, 0, 0, 2, 569.22, 988087, 5321, 0, 0
3103, 0, 217, 3380, 3306, 625, 10.88%, 0, 0, 2, 556.58, 990888, 5321, 0, 0
3109, 0, 261, 3391, 3308, 617, 10.88%, 0, 0, 2, 750.17, 994767, 5321, 0, 0
3114, 0, 261, 3398, 3315, 617, 10.88%, 0, 0, 2, 800.43, 998866, 5321, 0, 0
3119, 0, 261, 3400, 3317, 617, 10.88%, 0, 0, 2, 847.13, 1003168, 5322, 0, 0
3124, 0, 278, 3410, 3320, 611, 10.88%, 0, 0, 2, 866.42, 1007591, 5323, 0, 0
3129, 0, 278, 3411, 3321, 611, 10.88%, 0, 0, 2, 871.91, 1011967, 5324, 0, 0
3134, 0, 302, 3424, 3327, 606, 10.88%, 0, 0, 2, 794.07, 1015940, 5324, 0, 0
3139, 0, 302, 3425, 3328, 606, 10.88%, 0, 0, 2, 758.21, 1019712, 5324, 0, 0
3144, 0, 302, 3432, 3335, 606, 10.88%, 0, 0, 2, 763.83, 1023580, 5324, 0, 0
3149, 0, 313, 3445, 3345, 604, 10.88%, 0, 0, 2, 807.30, 1027820, 5324, 0, 0
3154, 0, 313, 3452, 3352, 604, 10.88%, 0, 0, 2, 807.31, 1032029, 5324, 0, 0
3159, 0, 324, 3461, 3358, 601, 10.88%, 0, 0, 2, 815.39, 1036136, 5324, 0, 0
3164, 0, 324, 3463, 3360, 601, 10.88%, 0, 0, 2, 835.59, 1040454, 5324, 0, 0
3169, 0, 483, 3465, 3345, 587, 10.88%, 0, 0, 2, 844.23, 1044708, 5324, 0, 0
3174, 0, 732, 3467, 3324, 567, 10.88%, 0, 0, 3, 813.54, 1048834, 5324, 0, 0
3179, 0, 948, 3472, 3304, 544, 10.88%, 0, 0, 3, 835.82, 1053055, 5324, 0, 0
3184, 0, 1056, 3474, 3273, 512, 10.88%, 0, 0, 3, 862.42, 1057439, 5324, 0, 0
3189, 0, 1131, 3474, 3237, 476, 10.88%, 0, 0, 3, 836.19, 1061609, 5324, 0, 0
3194, 0, 1140, 3480, 3237, 475, 10.89%, 0, 0, 3, 872.54, 1066040, 5329, 0, 0
3200, 0, 1363, 3481, 3214, 452, 10.89%, 0, 0, 3, 142.74, 1067969, 5329, 0, 0
3205, 0, 1408, 3483, 3203, 439, 10.89%, 0, 0, 3, 172.03, 1068794, 5329, 0, 0
3210, 0, 1569, 3483, 3184, 422, 10.89%, 0, 0, 3, 376.61, 1070513, 5329, 0, 0
3215, 0, 1727, 3488, 3158, 394, 10.89%, 0, 0, 3, 781.54, 1074995, 5329, 0, 0
3220, 0, 1735, 3502, 3170, 393, 10.92%, 0, 0, 3, 780.81, 1079093, 5341, 0, 0
3225, 0, 1735, 3510, 3178, 393, 10.92%, 0, 0, 3, 781.69, 1082974, 5341, 0, 0
3230, 0, 1735, 3512, 3180, 393, 10.92%, 0, 0, 3, 787.87, 1086918, 5342, 0, 0
3235, 0, 1808, 3515, 3174, 398, 10.92%, 0, 0, 3, 159.88, 1089425, 5342, 0, 0
3240, 0, 1844, 3526, 3173, 387, 10.93%, 0, 0, 3, 633.56, 1093200, 5345, 0, 0
3245, 0, 1844, 3528, 3175, 387, 10.93%, 0, 0, 3, 804.09, 1097478, 5345, 0, 0
3250, 0, 1844, 3529, 3176, 387, 10.93%, 0, 0, 3, 789.71, 1101399, 5345, 0, 0
3256, 0, 1888, 3532, 3168, 379, 10.93%, 0, 0, 3, 686.85, 1105037, 5346, 0, 0
3261, 0, 1945, 3535, 3152, 361, 10.93%, 0, 0, 3, 662.78, 1108126, 5346, 0, 0
3266, 0, 2062, 3538, 3121, 329, 10.93%, 0, 0, 3, 822.65, 1112366, 5346, 0, 0
3271, 0, 2094, 3543, 3109, 312, 10.93%, 0, 0, 3, 826.00, 1116662, 5346, 0, 0
3276, 0, 2230, 3550, 3099, 296, 10.93%, 0, 0, 3, 673.84, 1120035, 5346, 0, 0
3281, 0, 2230, 3553, 3102, 296, 10.93%, 0, 0, 3, 625.26, 1123114, 5346, 0, 0
3286, 0, 2230, 3553, 3102, 296, 10.93%, 0, 0, 3, 658.36, 1126543, 5346, 0, 0
3291, 0, 2251, 3553, 3091, 285, 10.93%, 0, 0, 3, 684.28, 1129959, 5346, 0, 0
3296, 0, 2376, 3554, 3067, 261, 10.93%, 0, 0, 3, 730.90, 1133828, 5346, 0, 0
3302, 0, 2395, 3561, 3071, 258, 10.93%, 0, 0, 3, 642.52, 1136929, 5346, 0, 0
3307, 0, 2395, 3561, 3071, 258, 10.93%, 0, 0, 3, 630.13, 1140097, 5346, 0, 0
3312, 0, 2438, 3565, 3066, 250, 10.93%, 0, 0, 3, 680.31, 1143501, 5346, 0, 0
3317, 0, 2518, 3572, 3047, 226, 10.93%, 0, 0, 3, 699.14, 1147112, 5346, 0, 0
3322, 0, 2518, 3575, 3050, 226, 10.93%, 0, 0, 3, 627.20, 1150340, 5348, 0, 0
3327, 0, 2518, 3578, 3053, 226, 10.93%, 0, 0, 3, 690.94, 1153853, 5348, 0, 0
3332, 0, 2545, 3582, 3053, 225, 10.94%, 0, 0, 3, 700.32, 1157411, 5350, 0, 0
3337, 0, 2568, 3584, 3048, 218, 10.94%, 0, 0, 3, 725.41, 1161093, 5350, 0, 0
3342, 0, 2620, 3585, 3038, 209, 10.94%, 0, 0, 3, 352.59, 1162405, 5350, 0, 0
3347, 0, 2656, 3585, 3024, 195, 10.94%, 0, 0, 3, 386.24, 1164044, 5350, 0, 0
3352, 0, 2674, 3602, 3036, 190, 10.94%, 0, 0, 3, 744.01, 1168294, 5351, 0, 0
3358, 0, 2674, 3606, 3040, 190, 10.94%, 0, 0, 3, 814.23, 1172458, 5352, 0, 0
3363, 0, 2674, 3609, 3043, 190, 10.95%, 0, 0, 3, 819.35, 1176607, 5354, 0, 0
3368, 0, 2724, 3617, 3036, 182, 10.95%, 0, 0, 3, 812.40, 1180759, 5354, 0, 0
3373, 0, 2771, 3627, 3030, 168, 10.95%, 0, 0, 3, 809.88, 1184819, 5355, 0, 0
3378, 0, 3000, 3630, 3003, 144, 10.95%, 0, 0, 3, 837.63, 1188332, 5355, 0, 0
3383, 0, 3060, 3639, 2998, 131, 10.95%, 0, 0, 3, 792.01, 1192422, 5355, 0, 0
3388, 0, 3112, 3653, 3003, 126, 10.95%, 0, 0, 3, 815.73, 1196419, 5358, 0, 0
3393, 0, 3112, 3655, 3005, 126, 10.95%, 0, 0, 3, 839.70, 1200675, 5358, 0, 0
3398, 0, 3112, 3655, 3005, 126, 10.95%, 0, 0, 3, 847.34, 1204961, 5358, 0, 0
3403, 0, 3152, 3660, 3002, 124, 10.95%, 0, 0, 3, 811.61, 1209096, 5358, 0, 0
3408, 0, 3184, 3678, 3011, 116, 10.96%, 0, 0, 3, 764.45, 1212970, 5359, 0, 0
3413, 0, 3184, 3682, 3015, 116, 10.96%, 0, 0, 3, 668.00, 1216338, 5359, 0, 0
3418, 0, 3184, 3682, 3015, 116, 10.96%, 0, 0, 3, 799.20, 1220633, 5359, 0, 0
3423, 0, 3237, 3687, 3002, 100, 10.96%, 0, 0, 3, 779.43, 1224725, 5359, 0, 0
3428, 0, 3281, 3691, 2996, 90, 10.96%, 0, 0, 3, 428.91, 1226503, 5359, 0, 0
3434, 0, 3319, 3697, 2995, 83, 10.96%, 0, 0, 3, 343.13, 1228147, 5359, 0, 0
3439, 0, 3319, 3702, 3000, 83, 10.96%, 0, 0, 3, 307.31, 1229593, 5360, 0, 0
3444, 0, 3319, 3702, 3000, 83, 10.96%, 0, 0, 3, 230.99, 1230746, 5360, 0, 0
3449, 0, 3319, 3702, 3000, 83, 10.96%, 0, 0, 3, 218.78, 1231798, 5360, 0, 0
3454, 0, 3319, 3702, 3000, 83, 10.96%, 0, 0, 3, 216.31, 1232934, 5360, 0, 0
3459, 0, 3339, 3706, 3002, 84, 10.96%, 0, 0, 3, 195.51, 1233941, 5360, 0, 0
3464, 0, 3339, 3709, 3005, 84, 10.96%, 0, 0, 3, 274.12, 1235332, 5360, 0, 0
3469, 0, 3339, 3710, 3006, 84, 10.96%, 0, 0, 3, 219.34, 1236413, 5361, 0, 0
3474, 0, 3339, 3712, 3008, 84, 10.96%, 0, 0, 3, 216.18, 1237540, 5361, 0, 0
3479, 0, 3339, 3712, 3008, 84, 10.96%, 0, 0, 3, 241.27, 1238840, 5361, 0, 0
3485, 0, 3339, 3713, 3009, 84, 10.96%, 0, 0, 3, 312.44, 1240394, 5361, 0, 0
3490, 0, 3339, 3714, 3010, 84, 10.96%, 0, 0, 3, 261.68, 1241648, 5361, 0, 0
3495, 0, 3339, 3717, 3013, 84, 10.96%, 0, 0, 3, 330.44, 1243329, 5361, 0, 0
3500, 0, 3339, 3719, 3015, 84, 10.96%, 0, 0, 3, 324.73, 1244933, 5363, 0, 0
3505, 0, 3344, 3723, 3017, 84, 10.97%, 0, 0, 3, 616.87, 1248138, 5365, 0, 0
3510, 0, 3379, 3731, 3019, 80, 10.97%, 0, 0, 3, 389.55, 1250196, 5366, 0, 0
3515, 0, 3379, 3739, 3027, 80, 10.97%, 0, 0, 3, 257.49, 1251324, 5367, 0, 0
3520, 0, 3379, 3746, 3034, 80, 10.97%, 0, 0, 3, 215.00, 1252353, 5367, 0, 0
3525, 0, 3379, 3748, 3036, 80, 10.97%, 0, 0, 3, 212.94, 1253419, 5367, 0, 0
3531, 0, 3379, 3748, 3036, 80, 10.97%, 0, 0, 3, 210.42, 1254511, 5367, 0, 0
3536, 0, 3379, 3748, 3036, 80, 10.97%, 0, 0, 3, 219.55, 1255619, 5367, 0, 0
3541, 0, 3379, 3749, 3037, 80, 10.97%, 0, 0, 3, 209.83, 1256674, 5367, 0, 0
3546, 0, 3379, 3751, 3039, 80, 10.98%, 0, 0, 3, 208.95, 1257756, 5370, 0, 0
3551, 0, 3379, 3751, 3039, 80, 10.98%, 0, 0, 3, 210.03, 1258804, 5370, 0, 0
3556, 0, 3379, 3752, 3040, 80, 10.98%, 0, 0, 3, 205.54, 1259847, 5370, 0, 0
3561, 0, 3379, 3753, 3041, 80, 10.98%, 0, 0, 3, 209.58, 1260910, 5372, 0, 0
3566, 0, 3379, 3753, 3041, 80, 10.98%, 0, 0, 3, 213.38, 1261986, 5372, 0, 0
3571, 0, 3381, 3832, 3118, 82, 11.02%, 0, 0, 3, 375.32, 1263767, 5392, 0, 0
3576, 0, 3478, 3859, 3130, 96, 11.03%, 0, 0, 3, 678.58, 1267505, 5393, 0, 0
3581, 0, 3513, 3864, 3125, 86, 11.03%, 0, 0, 3, 137.08, 1269172, 5393, 0, 0
3586, 0, 3513, 3864, 3125, 86, 11.03%, 0, 0, 3, 123.01, 1269732, 5393, 0, 0
3591, 0, 3513, 3867, 3128, 86, 11.03%, 0, 0, 3, 126.15, 1270397, 5393, 0, 0
3597, 0, 3513, 3867, 3128, 86, 11.03%, 0, 0, 3, 125.56, 1271073, 5393, 0, 0
3602, 0, 3513, 3867, 3128, 86, 11.03%, 0, 0, 3, 117.40, 1271659, 5393, 0, 0
3607, 0, 3513, 3867, 3128, 86, 11.03%, 0, 0, 3, 111.12, 1272231, 5393, 0, 0
3612, 0, 3513, 3867, 3128, 86, 11.03%, 0, 0, 3, 131.79, 1272959, 5393, 0, 0
3617, 0, 3513, 3867, 3128, 86, 11.03%, 0, 0, 3, 128.98, 1273599, 5393, 0, 0
3620, 0, 3514, 3867, 3128, 86, 11.03%, 0, 0, 3, 133.00, 1273964, 5393, 0, 0
